2 0.000000 100.000000 178.105148
25 16 
1 -213.943881 0.000000 -224.819368 99.619470 0.000000 8.715574 0.015276 
2 279.589215 0.000000 -224.819368 99.633509 0.000591 8.708602 0.014980 
3 279.589215 0.000000 233.731852 99.608117 -0.000654 8.704487 0.015485 
4 -213.943881 0.000000 233.731852 99.619470 0.000000 8.715574 0.015276 
5 32.822667 0.000000 4.456242 102.192594 0.000000 7.323137 -0.038426 
6 -213.943881 0.000000 4.456242 99.619470 0.000000 8.715574 0.015276 
7 32.822667 0.000000 -224.819368 99.619470 0.000000 8.715574 0.015276 
8 279.589215 0.000000 4.456242 99.758455 0.005241 7.132769 0.009948 
9 32.822667 0.000000 233.731852 99.619470 0.000000 8.715574 0.015276 
10 -90.560607 0.000000 -110.181563 99.619470 0.000000 8.715574 0.015276 
11 -213.943881 0.000000 -110.181563 99.619470 0.000000 8.715574 0.015276 
12 -90.560607 0.000000 -224.819368 99.619470 0.000000 8.715574 0.015276 
13 32.822667 0.000000 -110.181563 99.619470 0.000000 8.715574 0.015276 
14 -90.560607 0.000000 4.456242 99.619470 0.000000 8.715574 0.015276 
15 156.205941 0.000000 -110.181563 99.682142 0.001651 8.692388 0.013973 
16 156.205941 0.000000 -224.819368 99.619470 0.000000 8.715574 0.015276 
17 279.589215 0.000000 -110.181563 99.627937 0.000814 8.665725 0.015017 
18 156.205941 0.000000 4.456242 99.698438 0.011297 7.834250 0.012213 
19 156.205941 0.000000 119.094047 99.560062 -0.000118 8.686579 0.016421 
20 32.822667 0.000000 119.094047 99.619470 0.000000 8.715574 0.015276 
21 279.589215 0.000000 119.094047 99.624029 -0.001093 8.628709 0.015031 
22 156.205941 0.000000 233.731852 99.619470 0.000000 8.715574 0.015276 
23 -90.560607 0.000000 119.094047 99.619470 0.000000 8.715574 0.015276 
24 -213.943881 0.000000 119.094047 99.619470 0.000000 8.715574 0.015276 
25 -90.560607 0.000000 233.731852 99.619470 0.000000 8.715574 0.015276 
1 1 12 10 11 
2 12 7 13 10 
3 10 13 5 14 
4 11 10 14 6 
5 7 16 15 13 
6 16 2 17 15 
7 15 17 8 18 
8 13 15 18 5 
9 5 18 19 20 
10 18 8 21 19 
11 19 21 3 22 
12 20 19 22 9 
13 6 14 23 24 
14 14 5 20 23 
15 23 20 9 25 
16 24 23 25 4 
