2 0.000000 100.000000 211.018442
62 43 
1 -144.530000 0.000000 -163.870000 99.983948 -0.000000 1.745582 0.000016 
2 207.520000 0.000000 -163.870000 99.984072 -0.000006 1.736907 0.000017 
3 207.520000 0.000000 167.670000 99.985740 -0.000006 1.736277 -0.000016 
4 -144.530000 0.000000 167.670000 99.985611 -0.000000 1.745578 -0.000017 
5 31.495000 0.000000 1.900000 99.997956 -0.000030 0.000000 0.000041 
6 -144.530000 0.000000 1.900000 99.984782 -0.000000 1.745910 -0.000000 
7 31.495000 0.000000 -163.870000 99.977935 -0.000003 1.741123 0.000138 
8 207.520000 0.000000 1.900000 100.011064 0.004240 0.238411 -0.000227 
9 31.495000 0.000000 167.670000 99.991754 -0.000002 1.741028 -0.000138 
10 119.507500 0.000000 -80.985000 99.981571 -0.000024 1.711959 0.000075 
11 31.495000 0.000000 -80.985000 99.954031 -0.000008 1.728445 0.000620 
12 119.507500 0.000000 -163.870000 99.981973 -0.000005 1.736963 0.000059 
13 207.520000 0.000000 -80.985000 99.984729 -0.000026 1.714315 0.000012 
14 119.507500 0.000000 1.900000 100.010363 0.004421 0.274235 -0.000215 
15 -56.517500 0.000000 -80.985000 99.981453 -0.000001 1.746603 0.000066 
16 -144.530000 0.000000 -80.985000 99.984218 -0.000000 1.745802 0.000011 
17 -56.517500 0.000000 -163.870000 99.981863 -0.000001 1.745384 0.000058 
18 -56.517500 0.000000 1.900000 99.984822 -0.000001 1.748629 -0.000002 
19 119.507500 0.000000 84.785000 99.989043 -0.000022 1.709460 -0.000073 
20 31.495000 0.000000 84.785000 100.016126 -0.000006 1.728041 -0.000621 
21 207.520000 0.000000 84.785000 99.985936 -0.000025 1.709440 -0.000011 
22 119.507500 0.000000 167.670000 99.987810 -0.000005 1.736631 -0.000058 
23 75.501250 0.000000 -39.542500 99.974591 -0.000084 1.622531 0.000245 
24 31.495000 0.000000 -39.542500 99.886046 0.000385 1.679903 0.001996 
25 75.501250 0.000000 -80.985000 99.971904 -0.000019 1.711577 0.000269 
26 119.507500 0.000000 -39.542500 99.984160 -0.000101 1.627818 0.000052 
27 75.501250 0.000000 1.900000 100.008889 0.003916 0.353140 -0.000190 
28 -56.517500 0.000000 84.785000 99.988169 -0.000001 1.746589 -0.000068 
29 -144.530000 0.000000 84.785000 99.985344 -0.000000 1.745800 -0.000012 
30 -56.517500 0.000000 167.670000 99.987728 -0.000001 1.745369 -0.000059 
31 -12.511250 0.000000 -39.542500 99.969801 -0.000003 1.751102 0.000297 
32 -56.517500 0.000000 -39.542500 99.982242 -0.000001 1.748037 0.000050 
33 -12.511250 0.000000 -80.985000 99.971575 -0.000003 1.746322 0.000263 
34 -12.511250 0.000000 1.900000 99.984985 -0.000003 1.756824 -0.000008 
35 75.501250 0.000000 43.342500 99.998945 -0.000066 1.613203 -0.000239 
36 31.495000 0.000000 43.342500 100.086226 -0.000325 1.678428 -0.002007 
37 119.507500 0.000000 43.342500 99.989610 -0.000085 1.610113 -0.000051 
38 75.501250 0.000000 84.785000 99.998592 -0.000016 1.710232 -0.000264 
39 53.498125 0.000000 -18.821250 99.945586 -0.000111 1.341280 0.000908 
40 31.495000 0.000000 -18.821250 99.688804 -0.000016 1.518145 0.005984 
41 53.498125 0.000000 -39.542500 99.942864 0.000550 1.623480 0.000879 
42 75.501250 0.000000 -18.821250 99.982190 -0.000288 1.362767 0.000170 
43 53.498125 0.000000 1.900000 99.994587 0.000429 0.371639 0.000094 
44 -12.511250 0.000000 43.342500 100.000084 -0.000003 1.751043 -0.000308 
45 -56.517500 0.000000 43.342500 99.987395 -0.000001 1.748028 -0.000053 
46 -12.511250 0.000000 84.785000 99.998182 -0.000002 1.746257 -0.000269 
47 9.491875 0.000000 -18.821250 99.917504 0.000063 1.765522 0.001338 
48 -12.511250 0.000000 -18.821250 99.974452 -0.000003 1.755238 0.000203 
49 9.491875 0.000000 -39.542500 99.933184 -0.000007 1.745559 0.001031 
50 9.491875 0.000000 1.900000 99.985507 -0.000009 1.798989 -0.000034 
51 53.498125 0.000000 22.621250 100.037929 -0.002079 1.313226 -0.000931 
52 31.495000 0.000000 22.621250 100.288681 -0.000021 1.514832 -0.006011 
53 75.501250 0.000000 22.621250 100.001295 -0.000216 1.312935 -0.000198 
54 53.498125 0.000000 43.342500 100.030373 -0.000538 1.618019 -0.000869 
55 42.496562 0.000000 -8.460625 99.786681 -0.000050 0.820723 0.004194 
56 31.495000 0.000000 -8.460625 99.308558 0.000052 1.170452 0.013644 
57 42.496562 0.000000 -18.821250 99.842061 -0.000062 1.352672 0.002973 
58 53.498125 0.000000 -8.460625 99.974622 -0.000022 0.868245 0.000432 
59 42.496562 0.000000 1.900000 100.335387 0.000060 0.290170 -0.006727 
60 9.491875 0.000000 22.621250 100.053380 -0.000151 1.765353 -0.001380 
61 -12.511250 0.000000 22.621250 99.995495 -0.000003 1.755202 -0.000218 
62 9.491875 0.000000 43.342500 100.037249 -0.000005 1.745307 -0.001050 
1 7 12 10 11 
2 12 2 13 10 
3 10 13 8 14 
4 1 17 15 16 
5 17 7 11 15 
6 16 15 18 6 
7 14 8 21 19 
8 19 21 3 22 
9 20 19 22 9 
10 11 25 23 24 
11 25 10 26 23 
12 23 26 14 27 
13 6 18 28 29 
14 28 20 9 30 
15 29 28 30 4 
16 15 33 31 32 
17 33 11 24 31 
18 32 31 34 18 
19 27 14 37 35 
20 35 37 19 38 
21 36 35 38 20 
22 24 41 39 40 
23 41 23 42 39 
24 39 42 27 43 
25 18 34 44 45 
26 44 36 20 46 
27 45 44 46 28 
28 31 49 47 48 
29 49 24 40 47 
30 47 40 5 50 
31 48 47 50 34 
32 5 43 51 52 
33 43 27 53 51 
34 51 53 35 54 
35 52 51 54 36 
36 40 57 55 56 
37 57 39 58 55 
38 55 58 43 59 
39 56 55 59 5 
40 34 50 60 61 
41 50 5 52 60 
42 60 52 36 62 
43 61 60 62 44 
