2 0.000000 100.000000 291.862339
25 16 
1 -213.943881 0.000000 -224.819368 99.617736 0.000004 8.716110 0.000034 
2 279.589215 0.000000 -224.819368 99.618416 0.000037 8.703845 0.000041 
3 279.589215 0.000000 233.731852 99.622484 -0.000043 8.700334 -0.000034 
4 -213.943881 0.000000 233.731852 99.621425 -0.000005 8.715975 -0.000040 
5 32.822667 0.000000 4.456242 100.975166 -0.003888 8.802439 -0.027347 
6 -213.943881 0.000000 4.456242 99.619724 -0.000001 8.717765 -0.000009 
7 32.822667 0.000000 -224.819368 99.612916 0.000019 8.709437 0.000141 
8 279.589215 0.000000 4.456242 99.724652 0.000262 7.509746 -0.000140 
9 32.822667 0.000000 233.731852 99.626513 -0.000020 8.709079 -0.000129 
10 -90.560607 0.000000 -110.181563 99.612499 0.000007 8.717829 0.000135 
11 -213.943881 0.000000 -110.181563 99.618036 0.000002 8.717116 0.000026 
12 -90.560607 0.000000 -224.819368 99.615275 0.000009 8.714929 0.000085 
13 32.822667 0.000000 -110.181563 99.592492 0.000033 8.690557 0.000581 
14 -90.560607 0.000000 4.456242 99.620704 -0.000000 8.724348 -0.000040 
15 156.205941 0.000000 -110.181563 99.615165 0.000074 8.667079 0.000170 
16 156.205941 0.000000 -224.819368 99.615709 0.000031 8.704257 0.000095 
17 279.589215 0.000000 -110.181563 99.621079 0.000079 8.674591 0.000039 
18 156.205941 0.000000 4.456242 99.663843 -0.001153 8.193802 -0.000002 
19 156.205941 0.000000 119.094047 99.631129 -0.000076 8.659125 -0.000134 
20 32.822667 0.000000 119.094047 99.645955 -0.000032 8.691563 -0.000486 
21 279.589215 0.000000 119.094047 99.626819 -0.000094 8.647227 -0.000028 
22 156.205941 0.000000 233.731852 99.624640 -0.000034 8.702922 -0.000081 
23 -90.560607 0.000000 119.094047 99.627150 -0.000008 8.717106 -0.000156 
24 -213.943881 0.000000 119.094047 99.621283 -0.000003 8.716973 -0.000039 
25 -90.560607 0.000000 233.731852 99.623947 -0.000010 8.714640 -0.000088 
1 1 12 10 11 
2 12 7 13 10 
3 10 13 5 14 
4 11 10 14 6 
5 7 16 15 13 
6 16 2 17 15 
7 15 17 8 18 
8 13 15 18 5 
9 5 18 19 20 
10 18 8 21 19 
11 19 21 3 22 
12 20 19 22 9 
13 6 14 23 24 
14 14 5 20 23 
15 23 20 9 25 
16 24 23 25 4 
