2 0.000000 100.000000 211.018442
1040 889 
1 -234.650000 0.000000 -237.029800 99.984403 -0.000004 1.745275 0.000007 
2 281.580000 0.000000 -237.029800 99.984437 -0.000118 1.742042 0.000008 
3 281.580000 0.000000 240.470000 99.985013 0.000123 1.741681 -0.000004 
4 -234.650000 0.000000 240.470000 99.984946 0.000013 1.745391 -0.000004 
5 23.465000 0.000000 1.720100 121.058725 0.099145 1.790526 -0.465843 
6 -234.650000 0.000000 1.720100 99.984545 0.000007 1.745434 0.000004 
7 23.465000 0.000000 -237.029800 99.983087 -0.000035 1.743706 0.000034 
8 281.580000 0.000000 1.720100 100.012511 -0.004607 0.143697 -0.000252 
9 23.465000 0.000000 240.470000 99.987805 0.000099 1.743672 -0.000060 
10 -105.592500 0.000000 -117.654850 99.982893 0.000026 1.745138 0.000038 
11 -234.650000 0.000000 -117.654850 99.984409 0.000001 1.745353 0.000007 
12 -105.592500 0.000000 -237.029800 99.983719 -0.000006 1.744996 0.000021 
13 23.465000 0.000000 -117.654850 99.980910 0.000117 1.739589 0.000079 
14 -105.592500 0.000000 1.720100 99.982907 0.000071 1.746044 0.000037 
15 152.522500 0.000000 -117.654850 99.982980 -0.000223 1.732802 0.000040 
16 152.522500 0.000000 -237.029800 99.983695 -0.000100 1.742300 0.000023 
17 281.580000 0.000000 -117.654850 99.984601 -0.000243 1.732995 0.000008 
18 152.522500 0.000000 1.720100 100.035570 -0.041801 -1.270475 -0.000873 
19 -105.592500 0.000000 121.095050 99.985100 0.000059 1.746085 -0.000007 
20 -234.650000 0.000000 121.095050 99.984773 0.000011 1.745448 -0.000000 
21 23.465000 0.000000 121.095050 99.998606 0.000373 1.739395 -0.000275 
22 -105.592500 0.000000 240.470000 99.985658 0.000038 1.745479 -0.000018 
23 -41.063750 0.000000 -57.967375 99.953879 0.001766 1.761273 0.000612 
24 -105.592500 0.000000 -57.967375 99.982543 0.000052 1.745504 0.000044 
25 -41.063750 0.000000 -117.654850 99.980268 0.000117 1.743207 0.000091 
26 23.465000 0.000000 -57.967375 99.965486 0.362244 1.742258 0.000373 
27 -41.063750 0.000000 1.720100 99.964932 -0.002185 1.748441 0.000396 
28 152.522500 0.000000 121.095050 99.985412 0.000246 1.730912 -0.000008 
29 281.580000 0.000000 121.095050 99.985022 0.000240 1.730986 -0.000000 
30 152.522500 0.000000 240.470000 99.985758 0.000119 1.741689 -0.000019 
31 87.993750 0.000000 -57.967375 99.971751 -0.000374 1.697498 0.000277 
32 87.993750 0.000000 -117.654850 99.979934 -0.000161 1.734755 0.000100 
33 152.522500 0.000000 -57.967375 99.983255 -0.000433 1.697886 0.000047 
34 87.993750 0.000000 1.720100 100.050266 -0.050412 -3.179887 -0.002017 
35 -41.063750 0.000000 61.407575 100.002915 -0.008653 1.769489 -0.000371 
36 -105.592500 0.000000 61.407575 99.984056 0.000071 1.746291 0.000014 
37 23.465000 0.000000 61.407575 100.204104 -0.302977 1.732357 -0.004396 
38 -41.063750 0.000000 121.095050 99.988075 0.000201 1.747103 -0.000067 
39 -8.799375 0.000000 -28.123637 99.911309 0.176114 1.707201 0.001478 
40 -41.063750 0.000000 -28.123637 99.967237 0.000435 1.745588 0.000350 
41 -8.799375 0.000000 -57.967375 100.005697 0.331294 1.724554 -0.000422 
42 23.465000 0.000000 -28.123637 100.131648 0.204655 1.754809 -0.002947 
43 -8.799375 0.000000 1.720100 99.673795 -0.062029 1.754037 0.006205 
44 87.993750 0.000000 61.407575 99.986849 0.000437 1.685670 -0.000021 
45 152.522500 0.000000 61.407575 99.985043 0.000392 1.690099 0.000013 
46 87.993750 0.000000 121.095050 99.988720 0.000275 1.730393 -0.000074 
47 55.729375 0.000000 -28.123637 99.947551 0.044797 1.660380 0.000773 
48 55.729375 0.000000 -57.967375 99.930941 -0.009362 1.693497 0.001094 
49 87.993750 0.000000 -28.123637 99.962170 -0.008293 1.562351 0.000512 
50 55.729375 0.000000 1.720100 99.592383 0.051605 -3.586345 0.006849 
51 -8.799375 0.000000 31.563838 99.968551 -0.203869 1.820284 0.000293 
52 -41.063750 0.000000 31.563838 99.972548 -0.003785 1.754404 0.000241 
53 23.465000 0.000000 31.563838 100.298423 -0.193982 1.675778 -0.006262 
54 -8.799375 0.000000 61.407575 99.986712 -0.336343 1.765294 -0.000057 
55 7.332812 0.000000 -13.201769 99.683795 0.170268 1.274667 0.006149 
56 -8.799375 0.000000 -13.201769 99.823678 0.093580 1.660646 0.003247 
57 7.332812 0.000000 -28.123637 99.999147 0.113483 1.645763 -0.000255 
58 23.465000 0.000000 -13.201769 100.137044 -0.158371 1.546787 -0.002985 
59 7.332812 0.000000 1.720100 120.576922 0.090544 12.782723 -0.470220 
60 -170.121250 0.000000 -57.967375 99.984053 0.000013 1.745475 0.000014 
61 -234.650000 0.000000 -57.967375 99.984459 0.000004 1.745398 0.000006 
62 -170.121250 0.000000 -117.654850 99.984010 0.000006 1.745357 0.000015 
63 -170.121250 0.000000 1.720100 99.984231 0.000018 1.745588 0.000011 
64 -73.328125 0.000000 -28.123637 99.979168 0.000174 1.747529 0.000111 
65 -105.592500 0.000000 -28.123637 99.982601 0.000064 1.745776 0.000043 
66 -73.328125 0.000000 -57.967375 99.980081 0.000135 1.745148 0.000094 
67 -73.328125 0.000000 1.720100 99.980221 0.000197 1.748470 0.000090 
68 -24.931563 0.000000 -13.201769 99.930854 0.029156 1.760235 0.001073 
69 -41.063750 0.000000 -13.201769 99.965384 -0.000620 1.745792 0.000387 
70 -24.931563 0.000000 -28.123637 99.942453 0.033560 1.753636 0.000843 
71 -24.931563 0.000000 1.720100 99.929012 -0.009216 1.778055 0.001103 
72 55.729375 0.000000 31.563838 99.977979 -0.029967 1.512489 0.000212 
73 87.993750 0.000000 31.563838 99.994088 0.010448 1.517978 -0.000112 
74 55.729375 0.000000 61.407575 100.080201 0.036394 1.643569 -0.001875 
75 7.332812 0.000000 16.641969 100.329225 -0.415385 2.194276 -0.007094 
76 -8.799375 0.000000 16.641969 99.824787 -0.098063 1.805908 0.003174 
77 23.465000 0.000000 16.641969 100.683698 0.125411 1.321250 -0.013897 
78 7.332812 0.000000 31.563838 100.265291 -0.304584 1.869498 -0.005672 
79 -0.733281 0.000000 -5.740834 98.964295 0.019577 1.264584 0.020447 
80 -8.799375 0.000000 -5.740834 99.710215 0.070357 1.692800 0.005500 
81 -0.733281 0.000000 -13.201769 99.705763 0.334543 1.442988 0.005657 
82 7.332812 0.000000 -5.740834 99.614876 0.221170 0.372064 0.007669 
83 -0.733281 0.000000 1.720100 97.585803 0.003682 2.316564 0.047164 
84 39.597187 0.000000 -13.201769 99.771441 0.131064 1.524886 0.004332 
85 39.597187 0.000000 -28.123637 99.913825 0.008260 1.669639 0.001444 
86 55.729375 0.000000 -13.201769 99.769043 0.041305 1.331827 0.004436 
87 39.597187 0.000000 1.720100 102.506229 -0.021183 -2.571853 -0.051414 
88 15.398906 0.000000 -5.740834 100.426438 -0.212680 0.424786 -0.008570 
89 15.398906 0.000000 -13.201769 100.303340 0.203648 1.378281 -0.006270 
90 23.465000 0.000000 -5.740834 99.102885 -0.238561 1.208327 0.017710 
91 15.398906 0.000000 1.720100 112.415471 0.081694 4.014346 -0.265336 
92 -170.121250 0.000000 61.407575 99.984516 0.000021 1.745643 0.000005 
93 -234.650000 0.000000 61.407575 99.984657 0.000009 1.745452 0.000002 
94 -170.121250 0.000000 121.095050 99.984810 0.000023 1.745620 -0.000001 
95 -73.328125 0.000000 31.563838 99.982229 0.000193 1.748972 0.000049 
96 -105.592500 0.000000 31.563838 99.983431 0.000074 1.746232 0.000026 
97 -73.328125 0.000000 61.407575 99.983515 0.000166 1.747373 0.000024 
98 -24.931563 0.000000 16.641969 99.946426 -0.068234 1.782650 0.000753 
99 -41.063750 0.000000 16.641969 99.967332 -0.003442 1.751075 0.000347 
100 -24.931563 0.000000 31.563838 99.965467 -0.046885 1.781285 0.000373 
101 -0.733281 0.000000 9.181034 99.324988 -0.858606 2.086671 0.012946 
102 -8.799375 0.000000 9.181034 99.753745 -0.115064 1.810804 0.004590 
103 7.332812 0.000000 9.181034 99.917844 -0.263896 2.700677 0.000906 
104 -0.733281 0.000000 16.641969 99.751684 -0.208165 1.952539 0.004575 
105 3.299766 0.000000 -2.010367 130.008856 -0.003510 -24.440987 -0.749966 
106 -0.733281 0.000000 -2.010367 97.694852 0.012607 1.200144 0.045428 
107 3.299766 0.000000 -5.740834 99.118434 0.004260 0.447129 0.017534 
108 7.332812 0.000000 -2.010367 119.751185 0.095579 -11.595422 -0.447481 
109 3.299766 0.000000 1.720100 128.970076 0.071607 21.437528 -0.709285 
110 -16.865469 0.000000 -5.740834 99.880897 -0.021097 1.711568 0.002088 
111 -24.931563 0.000000 -5.740834 99.927581 0.030455 1.757676 0.001139 
112 -16.865469 0.000000 -13.201769 99.901788 0.024003 1.692722 0.001677 
113 -16.865469 0.000000 1.720100 99.871081 -0.050170 1.715868 0.002282 
114 -4.766328 0.000000 -2.010367 99.367596 0.009066 1.711832 0.012315 
115 -8.799375 0.000000 -2.010367 99.678390 0.009896 1.721431 0.006126 
116 -4.766328 0.000000 -5.740834 99.471324 0.318778 1.567681 0.010290 
117 -4.766328 0.000000 1.720100 99.369145 0.008515 1.811118 0.012249 
118 39.597187 0.000000 16.641969 100.295327 -0.236227 1.041160 -0.006029 
119 55.729375 0.000000 16.641969 99.875658 0.000485 1.115668 0.002361 
120 39.597187 0.000000 31.563838 100.106698 -0.002840 1.506200 -0.002362 
121 15.398906 0.000000 9.181034 100.926650 0.490848 2.620300 -0.019330 
122 23.465000 0.000000 9.181034 101.674383 0.104920 -0.535000 -0.033798 
123 15.398906 0.000000 16.641969 100.499780 -0.051653 1.827505 -0.010355 
124 3.299766 0.000000 5.450567 99.257570 0.006147 3.104877 0.013829 
125 -0.733281 0.000000 5.450567 98.963567 -0.004868 2.272543 0.020105 
126 7.332812 0.000000 5.450567 99.775907 -0.169303 3.287981 0.003393 
127 3.299766 0.000000 9.181034 99.440435 -0.604039 2.478301 0.010509 
128 1.283242 0.000000 -0.145134 144.774693 0.011295 -0.309720 -1.095981 
129 -0.733281 0.000000 -0.145134 96.853541 0.008202 1.719388 0.061644 
130 1.283242 0.000000 -2.010367 96.123493 0.038210 -1.359433 0.075842 
131 3.299766 0.000000 -0.145134 128.754625 0.013575 -2.413721 -0.658358 
132 1.283242 0.000000 1.720100 95.553343 0.036434 5.182096 0.084270 
133 11.365859 0.000000 -2.010367 116.439135 0.110927 -7.414172 -0.361305 
134 11.365859 0.000000 -5.740834 99.957014 0.135279 0.297869 0.000849 
135 15.398906 0.000000 -2.010367 112.429986 0.075710 -3.515916 -0.265287 
136 11.365859 0.000000 1.720100 117.194219 0.074481 8.441722 -0.380575 
137 5.316289 0.000000 -0.145134 123.302029 0.015036 -0.586454 -0.520373 
138 5.316289 0.000000 -2.010367 122.457137 0.014935 -15.487668 -0.523562 
139 7.332812 0.000000 -0.145134 120.062651 0.058003 1.042029 -0.441613 
140 5.316289 0.000000 1.720100 123.501817 0.047883 16.176846 -0.551439 
141 -41.063750 0.000000 -177.342325 99.982410 0.000019 1.744051 0.000048 
142 -105.592500 0.000000 -177.342325 99.983361 0.000006 1.745012 0.000028 
143 -41.063750 0.000000 -237.029800 99.983264 -0.000011 1.744466 0.000030 
144 23.465000 0.000000 -177.342325 99.982207 -0.000014 1.742579 0.000052 
145 -8.799375 0.000000 -87.811112 99.971164 0.000502 1.739342 0.000274 
146 -41.063750 0.000000 -87.811112 99.975320 0.000230 1.744432 0.000189 
147 -8.799375 0.000000 -117.654850 99.980158 0.000186 1.740858 0.000094 
148 23.465000 0.000000 -87.811112 99.970950 0.000379 1.735951 0.000280 
149 7.332812 0.000000 -43.045506 99.948823 0.029608 1.704006 0.000733 
150 -8.799375 0.000000 -43.045506 99.956246 0.120851 1.725444 0.000576 
151 7.332812 0.000000 -57.967375 99.942498 -0.034794 1.749311 0.000844 
152 23.465000 0.000000 -43.045506 99.950260 0.010945 1.714931 0.000700 
153 -0.733281 0.000000 -20.662703 99.851487 0.161433 1.609359 0.002706 
154 -8.799375 0.000000 -20.662703 99.887020 0.038497 1.674415 0.001978 
155 -0.733281 0.000000 -28.123637 99.939559 0.059320 1.653168 0.000935 
156 7.332812 0.000000 -20.662703 100.014024 0.115500 1.528911 -0.000516 
157 3.299766 0.000000 -9.471302 99.603759 0.668875 1.148187 0.007733 
158 -0.733281 0.000000 -9.471302 99.548473 0.755896 1.342242 0.008773 
159 3.299766 0.000000 -13.201769 99.699836 0.331813 1.354739 0.005800 
160 7.332812 0.000000 -9.471302 99.774167 0.277717 1.002191 0.004403 
161 5.316289 0.000000 -3.875601 99.205177 0.032530 -0.577896 0.015800 
162 3.299766 0.000000 -3.875601 98.827246 0.024943 -0.394184 0.023302 
163 5.316289 0.000000 -5.740834 99.084776 0.695391 0.083639 0.018172 
164 7.332812 0.000000 -3.875601 99.257524 0.393539 -0.794315 0.014716 
165 4.308027 0.000000 -1.077750 124.754866 0.005519 -15.299153 -0.579784 
166 3.299766 0.000000 -1.077750 128.177229 -0.004446 -15.985481 -0.668494 
167 4.308027 0.000000 -2.010367 124.631007 0.005045 -17.619076 -0.584332 
168 5.316289 0.000000 -1.077750 122.783022 0.009238 -13.004519 -0.524479 
169 4.308027 0.000000 -0.145134 124.995412 0.019748 0.275083 -0.562393 
170 11.365859 0.000000 5.450567 100.372782 0.107590 3.268973 -0.008539 
171 15.398906 0.000000 5.450567 101.137191 -0.014109 2.947018 -0.023742 
172 11.365859 0.000000 9.181034 100.300686 0.083925 2.699943 -0.006752 
173 5.316289 0.000000 3.585334 99.506023 0.020905 4.036412 0.008226 
174 3.299766 0.000000 3.585334 99.062478 0.011236 4.021292 0.017045 
175 7.332812 0.000000 3.585334 99.472554 0.131005 4.129063 0.008814 
176 5.316289 0.000000 5.450567 99.795408 0.095150 3.111467 0.003119 
177 4.308027 0.000000 0.787483 125.868576 0.052132 15.774959 -0.609175 
178 3.299766 0.000000 0.787483 129.310916 0.050927 16.511149 -0.699393 
179 5.316289 0.000000 0.787483 123.651294 0.038343 14.186645 -0.549090 
180 4.308027 0.000000 1.720100 125.500259 0.060222 17.904935 -0.607091 
181 9.349336 0.000000 -0.145134 118.301984 0.157114 -6.912048 -0.404316 
182 9.349336 0.000000 -2.010367 118.001772 0.198762 -9.326921 -0.401145 
183 11.365859 0.000000 -0.145134 -99.869667 -0.002545 0.647411 0.002563 
184 9.349336 0.000000 1.720100 118.706186 0.102068 10.307698 -0.419742 
185 15.398906 0.000000 -20.662703 100.116871 0.102476 1.557604 -0.002582 
186 15.398906 0.000000 -28.123637 100.096616 0.286118 1.650614 -0.002214 
187 23.465000 0.000000 -20.662703 99.792717 0.138913 1.665951 0.003862 
188 11.365859 0.000000 -9.471302 99.969592 0.141078 0.953850 0.000515 
189 11.365859 0.000000 -13.201769 99.846781 0.164944 1.337956 0.002880 
190 15.398906 0.000000 -9.471302 99.983080 -0.089247 1.101905 0.000216 
191 9.349336 0.000000 -3.875601 100.003904 0.164125 -0.977138 -0.000176 
192 9.349336 0.000000 -5.740834 99.906221 0.228467 0.191462 0.001866 
193 11.365859 0.000000 -3.875601 100.617450 0.030868 -0.589437 -0.012422 
194 31.531094 0.000000 -5.740834 100.210303 -0.131403 1.575371 -0.004460 
195 31.531094 0.000000 -13.201769 99.989964 -0.380217 1.638611 -0.000082 
196 39.597187 0.000000 -5.740834 99.533363 -0.107718 1.724188 0.009013 
197 31.531094 0.000000 1.720100 100.686512 -0.107066 -1.977916 -0.014170 
198 19.431953 0.000000 -2.010367 106.754571 -0.167713 -2.187599 -0.140135 
199 19.431953 0.000000 -5.740834 100.550262 -0.446823 1.214649 -0.011203 
200 23.465000 0.000000 -2.010367 104.891577 -0.413331 -4.457179 -0.102228 
201 19.431953 0.000000 1.720100 104.169532 -0.209589 1.622690 -0.085397 
202 13.382383 0.000000 -0.145134 -83.594381 -0.042203 0.461955 0.301176 
203 13.382383 0.000000 -2.010367 114.577047 0.015045 -5.768650 -0.316118 
204 15.398906 0.000000 -0.145134 -102.991668 0.008093 -0.615613 -0.060766 
205 13.382383 0.000000 1.720100 115.260848 0.038372 6.461127 -0.332681 
206 10.357598 0.000000 -1.077750 117.329512 0.150894 -7.556434 -0.382334 
207 9.349336 0.000000 -1.077750 117.966027 0.179317 -8.378130 -0.398621 
208 10.357598 0.000000 -2.010367 117.332494 0.166926 -8.492563 -0.383907 
209 11.365859 0.000000 -1.077750 116.413052 0.104478 -6.905634 -0.359970 
210 10.357598 0.000000 -0.145134 117.194441 0.165276 -8.556797 -0.380778 
211 31.531094 0.000000 9.181034 99.958958 0.078262 0.409819 0.000803 
212 39.597187 0.000000 9.181034 100.012968 0.023567 0.500317 -0.000284 
213 31.531094 0.000000 16.641969 100.293045 0.307889 1.309371 -0.006050 
214 19.431953 0.000000 5.450567 103.681053 0.223512 2.968779 -0.075862 
215 23.465000 0.000000 5.450567 103.079577 0.181260 -6.807229 -0.067177 
216 19.431953 0.000000 9.181034 102.099585 0.454388 1.925147 -0.042824 
217 13.382383 0.000000 3.585334 99.559233 0.141979 3.611284 0.007490 
218 11.365859 0.000000 3.585334 101.572961 0.116344 3.556390 -0.032973 
219 15.398906 0.000000 3.585334 102.459853 0.055062 3.943846 -0.051358 
220 13.382383 0.000000 5.450567 100.743775 0.191332 3.206950 -0.015963 
221 17.415430 0.000000 -0.145134 -115.740141 0.026334 -0.040176 -0.339578 
222 17.415430 0.000000 -2.010367 109.303195 0.047504 -0.800280 -0.194783 
223 19.431953 0.000000 -0.145134 -128.490965 -0.007166 1.985286 -0.651387 
224 17.415430 0.000000 1.720100 107.762166 0.124133 1.117587 -0.161395 
225 19.431953 0.000000 -9.471302 99.897712 -0.446404 1.370010 0.001837 
226 19.431953 0.000000 -13.201769 100.557630 -0.050919 1.804740 -0.011510 
227 23.465000 0.000000 -9.471302 99.774147 -0.738081 1.765017 0.004146 
228 17.415430 0.000000 -3.875601 101.490741 -0.638204 -0.263358 -0.030085 
229 15.398906 0.000000 -3.875601 101.016362 -0.252040 -0.749470 -0.020493 
230 17.415430 0.000000 -5.740834 100.841561 -0.190002 0.769924 -0.016965 
231 19.431953 0.000000 -3.875601 100.854565 -0.609975 0.850019 -0.017274 
232 16.407168 0.000000 -1.077750 111.669143 0.061275 -2.706793 -0.247733 
233 15.398906 0.000000 -1.077750 112.709710 0.079708 -3.705997 -0.271722 
234 16.407168 0.000000 -2.010367 110.942809 0.061619 -2.049777 -0.231251 
235 17.415430 0.000000 -1.077750 109.677812 0.063568 -1.005947 -0.203024 
236 16.407168 0.000000 -0.145134 -106.875844 0.002568 -0.691828 -0.142292 
237 17.415430 0.000000 3.585334 101.203284 0.089383 3.666633 -0.025556 
238 19.431953 0.000000 3.585334 103.328540 -0.019636 5.340029 -0.070530 
239 17.415430 0.000000 5.450567 101.861895 0.068314 2.990596 -0.038479 
240 16.407168 0.000000 2.652717 110.813082 0.103229 2.828785 -0.228755 
241 15.398906 0.000000 2.652717 112.544076 0.086848 4.069905 -0.268274 
242 16.407168 0.000000 1.720100 110.587461 0.102563 2.707428 -0.223693 
243 17.415430 0.000000 2.652717 108.168123 0.137582 1.300355 -0.170205 
244 16.407168 0.000000 3.585334 101.935589 0.058045 4.105139 -0.040772 
245 27.498047 0.000000 -2.010367 104.494241 -0.236574 -2.769901 -0.092677 
246 27.498047 0.000000 -5.740834 99.691154 -0.061098 0.603221 0.006131 
247 31.531094 0.000000 -2.010367 103.534552 -0.144517 1.865006 -0.072290 
248 27.498047 0.000000 1.720100 98.545097 -0.046001 2.503609 0.028259 
249 21.448477 0.000000 -3.875601 99.802662 -0.343951 1.041356 0.003823 
250 21.448477 0.000000 -5.740834 99.768578 -0.262584 1.580686 0.004366 
251 23.465000 0.000000 -3.875601 98.268872 -0.355951 0.437862 0.034291 
252 21.448477 0.000000 -2.010367 99.964360 -0.414393 -3.507537 -0.000535 
253 18.423691 0.000000 -2.942984 103.086620 0.024653 -2.471209 -0.063296 
254 17.415430 0.000000 -2.942984 109.625938 0.064637 -1.073560 -0.201900 
255 18.423691 0.000000 -3.875601 101.380046 -0.738942 0.397535 -0.027862 
256 19.431953 0.000000 -2.942984 104.134649 -0.035987 -1.687153 -0.084687 
257 18.423691 0.000000 -2.010367 108.089568 -0.036005 -1.038881 -0.168444 
258 27.498047 0.000000 5.450567 99.057457 -0.125991 -0.947136 0.018671 
259 31.531094 0.000000 5.450567 100.113824 -0.001684 -0.484829 -0.002301 
260 27.498047 0.000000 9.181034 100.074741 -0.108630 -0.177480 -0.001500 
261 21.448477 0.000000 3.585334 114.786986 0.227570 3.390864 -0.318760 
262 21.448477 0.000000 1.720100 105.887372 0.226897 2.079826 -0.121651 
263 23.465000 0.000000 3.585334 106.087777 0.162555 -20.691269 -0.168277 
264 21.448477 0.000000 5.450567 108.024218 0.070669 -0.187137 -0.166927 
265 18.423691 0.000000 2.652717 107.103784 0.027362 1.069829 -0.147237 
266 18.423691 0.000000 1.720100 102.844315 0.002920 2.679004 -0.058413 
267 19.431953 0.000000 2.652717 109.913408 -0.276746 2.479482 -0.208718 
268 18.423691 0.000000 3.585334 101.844498 0.157990 4.711962 -0.039453 
269 21.448477 0.000000 -0.145134 -130.094957 -0.054675 -4.704684 -0.694683 
270 23.465000 0.000000 -0.145134 -42.742361 -0.079980 -35.143288 0.693803 
271 20.440215 0.000000 -2.942984 105.366518 -0.500325 -0.473761 -0.110258 
272 20.440215 0.000000 -3.875601 100.450654 -0.431302 0.961187 -0.009144 
273 21.448477 0.000000 -2.942984 98.236136 -0.495005 -3.946742 0.033384 
274 20.440215 0.000000 -2.010367 103.658705 -0.296533 -3.001121 -0.075422 
275 20.440215 0.000000 2.652717 116.773898 -0.231186 3.243923 -0.364672 
276 20.440215 0.000000 1.720100 110.534391 -0.147349 2.404031 -0.222365 
277 21.448477 0.000000 2.652717 108.690780 0.235568 3.872319 -0.182874 
278 20.440215 0.000000 3.585334 108.374479 0.045571 5.515163 -0.177545 
279 87.993750 0.000000 -177.342325 99.982249 -0.000100 1.740872 0.000052 
280 87.993750 0.000000 -237.029800 99.983195 -0.000074 1.742881 0.000032 
281 152.522500 0.000000 -177.342325 99.983349 -0.000140 1.739824 0.000030 
282 55.729375 0.000000 -87.811112 99.968269 -0.000081 1.729455 0.000335 
283 55.729375 0.000000 -117.654850 99.979373 -0.000058 1.737612 0.000111 
284 87.993750 0.000000 -87.811112 99.974499 -0.000239 1.723561 0.000213 
285 39.597187 0.000000 -43.045506 99.884257 0.117198 1.708978 0.002020 
286 39.597187 0.000000 -57.967375 99.909654 0.013450 1.701089 0.001517 
287 55.729375 0.000000 -43.045506 99.902758 0.112352 1.662090 0.001666 
288 31.531094 0.000000 -20.662703 99.968869 0.163053 1.691971 0.000334 
289 31.531094 0.000000 -28.123637 99.980750 0.044267 1.676224 0.000104 
290 39.597187 0.000000 -20.662703 99.909702 0.121178 1.614028 0.001543 
291 27.498047 0.000000 -9.471302 99.827153 -0.600525 1.644840 0.003147 
292 27.498047 0.000000 -13.201769 100.006465 -0.485287 1.580865 -0.000403 
293 31.531094 0.000000 -9.471302 99.818138 -0.102172 1.625586 0.003369 
294 25.481523 0.000000 -3.875601 98.548244 -0.322814 -0.471762 0.028792 
295 25.481523 0.000000 -5.740834 98.884808 -0.394472 0.492449 0.022140 
296 27.498047 0.000000 -3.875601 99.924066 -0.238040 -0.660922 0.001469 
297 25.481523 0.000000 -2.010367 108.280950 -0.083408 -4.192721 -0.174235 
298 22.456738 0.000000 -2.942984 100.625832 -0.572579 -4.373238 -0.014501 
299 22.456738 0.000000 -3.875601 98.971087 -0.312814 0.898380 0.020382 
300 23.465000 0.000000 -2.942984 107.170896 -0.334806 -4.643776 -0.150728 
301 22.456738 0.000000 -2.010367 99.639710 -0.519083 -3.928093 0.005623 
302 20.440215 0.000000 -1.077750 -135.024629 -0.037701 -0.728761 -0.823218 
303 19.431953 0.000000 -1.077750 -133.088623 -0.009083 -1.710600 -0.771551 
304 21.448477 0.000000 -1.077750 -128.006083 -0.013277 -2.216710 -0.639047 
305 20.440215 0.000000 -0.145134 -131.321351 -0.003689 0.644771 -0.724571 
306 20.944346 0.000000 -2.476676 101.768368 -0.348034 -3.179418 -0.036703 
307 20.440215 0.000000 -2.476676 103.625354 -0.297591 -3.075161 -0.074776 
308 20.944346 0.000000 -2.942984 101.613742 -0.356409 -3.544449 -0.033804 
309 21.448477 0.000000 -2.476676 99.637123 -0.419192 -3.474528 0.006020 
310 20.944346 0.000000 -2.010367 101.693246 -0.352150 -3.359494 -0.035293 
311 20.440215 0.000000 0.787483 -136.986229 0.041780 2.537577 -0.877167 
312 19.431953 0.000000 0.787483 -130.065992 -0.002817 4.726527 -0.693950 
313 21.448477 0.000000 0.787483 -139.655129 -0.033603 -3.355973 -0.951482 
314 25.481523 0.000000 3.585334 90.966298 -0.025435 -2.445472 0.171915 
315 25.481523 0.000000 1.720100 93.411249 -0.384901 3.170906 0.126414 
316 27.498047 0.000000 3.585334 98.541529 0.033112 -0.591236 0.028922 
317 25.481523 0.000000 5.450567 96.603801 0.029925 -2.336472 0.066225 
318 22.456738 0.000000 2.652717 105.608709 0.608996 3.908538 -0.116885 
319 22.456738 0.000000 1.720100 114.663801 0.540561 8.077368 -0.321332 
320 23.465000 0.000000 2.652717 118.028501 0.207514 3.472409 -0.394283 
321 22.456738 0.000000 3.585334 127.387445 0.526799 -7.550412 -0.628485 
322 20.944346 0.000000 2.186408 117.196449 -0.065538 3.449010 -0.374691 
323 20.440215 0.000000 2.186408 113.055401 -0.212310 2.921252 -0.279010 
324 20.944346 0.000000 1.720100 115.707996 -0.049901 2.641083 -0.339532 
325 21.448477 0.000000 2.186408 107.628458 0.223299 2.882857 -0.159225 
326 20.944346 0.000000 2.652717 120.589383 -0.130929 4.595335 -0.456293 
327 25.481523 0.000000 -0.145134 10.288516 0.011711 -4.903562 0.987010 
328 27.498047 0.000000 -0.145134 3.529675 0.039283 -1.050167 0.998644 
329 24.473262 0.000000 -2.942984 109.873620 -0.154745 -4.655892 -0.209391 
330 24.473262 0.000000 -3.875601 98.137899 -0.362369 -0.070692 0.036882 
331 25.481523 0.000000 -2.942984 108.121130 -0.079095 -4.262616 -0.170835 
332 24.473262 0.000000 -2.010367 109.207445 -0.195787 -4.534520 -0.194687 
333 24.473262 0.000000 2.652717 105.639061 -0.434432 1.381471 -0.116171 
334 24.473262 0.000000 1.720100 105.434768 -0.439915 1.124508 -0.111795 
335 25.481523 0.000000 2.652717 93.544216 -0.380145 3.239855 0.123884 
336 24.473262 0.000000 3.585334 83.954258 0.008277 -10.726080 0.283663 
337 217.051250 0.000000 -57.967375 99.984813 -0.000445 1.699494 0.000015 
338 217.051250 0.000000 -117.654850 99.984181 -0.000238 1.732777 0.000016 
339 281.580000 0.000000 -57.967375 99.985211 -0.000445 1.701093 0.000006 
340 217.051250 0.000000 1.720100 100.020152 -0.015168 -0.311697 -0.000413 
341 120.258125 0.000000 -28.123637 99.981733 -0.000546 1.578865 0.000116 
342 120.258125 0.000000 -57.967375 99.979600 -0.000416 1.695749 0.000120 
343 152.522500 0.000000 -28.123637 99.985294 -0.000570 1.585872 0.000043 
344 120.258125 0.000000 1.720100 100.047615 -0.060532 -2.118680 -0.001402 
345 71.861562 0.000000 -13.201769 99.922229 0.011467 1.210655 0.001408 
346 71.861562 0.000000 -28.123637 99.925939 0.006029 1.545577 0.001242 
347 87.993750 0.000000 -13.201769 99.968297 0.004646 1.258582 0.000476 
348 71.861562 0.000000 1.720100 100.020072 -0.015895 -3.645692 -0.001731 
349 47.663281 0.000000 -5.740834 99.380492 0.034473 1.829538 0.012017 
350 47.663281 0.000000 -13.201769 99.914188 0.056965 1.559989 0.001472 
351 55.729375 0.000000 -5.740834 99.633141 0.034222 0.798106 0.007260 
352 47.663281 0.000000 1.720100 83.625164 -0.014041 -11.407431 0.287670 
353 35.564141 0.000000 -2.010367 105.147489 -0.088108 2.882878 -0.106431 
354 35.564141 0.000000 -5.740834 99.730396 -0.090396 1.585768 0.005133 
355 39.597187 0.000000 -2.010367 105.666710 -0.019018 3.306492 -0.117639 
356 35.564141 0.000000 1.720100 100.666406 0.245214 -1.667271 -0.013657 
357 29.514570 0.000000 -3.875601 101.481419 -0.052491 0.611618 -0.029886 
358 29.514570 0.000000 -5.740834 100.626290 -0.271350 1.307758 -0.012743 
359 31.531094 0.000000 -3.875601 99.643653 -0.183028 1.669248 0.006832 
360 29.514570 0.000000 -2.010367 103.115033 -0.235384 -0.196211 -0.063280 
361 26.489785 0.000000 -2.942984 105.786757 -0.077994 -3.640430 -0.120410 
362 26.489785 0.000000 -3.875601 99.252702 -0.248515 -0.637768 0.014843 
363 27.498047 0.000000 -2.942984 104.508440 -0.240332 -2.847220 -0.093018 
364 26.489785 0.000000 -2.010367 105.765498 -0.075394 -3.534808 -0.119884 
365 217.051250 0.000000 61.407575 99.985501 0.000381 1.688649 0.000005 
366 281.580000 0.000000 61.407575 99.985674 0.000379 1.686639 0.000002 
367 217.051250 0.000000 121.095050 99.985067 0.000240 1.731088 -0.000001 
368 120.258125 0.000000 31.563838 99.985782 0.000187 1.544888 0.000046 
369 152.522500 0.000000 31.563838 99.986981 0.000140 1.541189 0.000023 
370 120.258125 0.000000 61.407575 99.985635 0.000413 1.688330 0.000002 
371 71.861562 0.000000 16.641969 99.972056 -0.013822 1.128379 0.000431 
372 87.993750 0.000000 16.641969 99.981438 0.002411 1.165911 0.000235 
373 71.861562 0.000000 31.563838 99.987239 0.006111 1.502016 0.000030 
374 47.663281 0.000000 9.181034 99.584553 0.010351 0.134223 0.008290 
375 55.729375 0.000000 9.181034 99.725235 0.038252 0.531523 0.005459 
376 47.663281 0.000000 16.641969 100.071576 -0.059806 0.975203 -0.001527 
377 35.564141 0.000000 5.450567 99.787768 -0.053007 -0.334649 0.004229 
378 39.597187 0.000000 5.450567 99.298377 0.014564 -0.326056 0.013973 
379 35.564141 0.000000 9.181034 100.019613 -0.033625 0.473405 -0.000415 
380 29.514570 0.000000 3.585334 99.527772 -0.095834 -0.336777 0.009410 
381 29.514570 0.000000 1.720100 100.324357 -0.147995 0.082261 -0.006501 
382 31.531094 0.000000 3.585334 102.454869 -0.124176 -1.727910 -0.050000 
383 29.514570 0.000000 5.450567 99.748780 -0.062561 -0.577763 0.004984 
384 26.489785 0.000000 2.652717 94.907758 -0.143159 3.236512 0.098202 
385 26.489785 0.000000 1.720100 94.779646 -0.144163 3.217290 0.100645 
386 27.498047 0.000000 2.652717 98.820307 -0.044562 2.467813 0.022845 
387 26.489785 0.000000 3.585334 96.562974 -0.023798 -0.686503 0.067512 
388 29.514570 0.000000 -0.145134 1.050762 -0.025912 -0.237401 0.999884 
389 31.531094 0.000000 -0.145134 8.711527 -0.037398 -0.155114 0.992408 
390 28.506309 0.000000 -2.942984 103.968852 -0.174263 -1.849564 -0.081297 
391 28.506309 0.000000 -3.875601 100.759214 -0.246680 -0.219990 -0.015253 
392 29.514570 0.000000 -2.942984 103.063039 -0.239056 -0.057438 -0.062205 
393 28.506309 0.000000 -2.010367 103.877696 -0.182789 -1.660688 -0.079337 
394 28.506309 0.000000 2.652717 99.901793 -0.062582 1.240347 0.001809 
395 28.506309 0.000000 1.720100 99.958909 -0.033366 1.380114 0.000631 
396 29.514570 0.000000 2.652717 99.798001 -0.143252 0.268654 0.004027 
397 28.506309 0.000000 3.585334 98.766804 -0.138897 -0.728411 0.024457 
398 35.564141 0.000000 -9.471302 99.706762 -0.237747 1.583804 0.005600 
399 35.564141 0.000000 -13.201769 99.832359 -0.252895 1.659890 0.003068 
400 39.597187 0.000000 -9.471302 99.639987 -0.115671 1.504122 0.006960 
401 33.547617 0.000000 -3.875601 101.262186 -0.105813 1.451500 -0.025615 
402 33.547617 0.000000 -5.740834 99.892390 -0.107569 1.618762 0.001888 
403 35.564141 0.000000 -3.875601 100.506386 -0.066069 2.515468 -0.010787 
404 33.547617 0.000000 -2.010367 104.365477 -0.147827 2.528650 -0.089857 
405 30.522832 0.000000 -2.942984 103.040286 -0.209032 1.087725 -0.061853 
406 30.522832 0.000000 -3.875601 101.216758 -0.010287 1.380987 -0.024674 
407 31.531094 0.000000 -2.942984 103.492991 -0.141878 1.812829 -0.071411 
408 30.522832 0.000000 -2.010367 103.079010 -0.201818 1.150176 -0.062665 
409 33.547617 0.000000 3.585334 102.578375 -0.095629 -2.289445 -0.052757 
410 33.547617 0.000000 1.720100 100.036235 0.030806 -1.594749 -0.000979 
411 35.564141 0.000000 3.585334 102.515575 0.076377 -2.353681 -0.051499 
412 33.547617 0.000000 5.450567 100.016732 -0.030537 -0.241200 -0.000341 
413 30.522832 0.000000 2.652717 101.568981 -0.137927 -1.012085 -0.031730 
414 30.522832 0.000000 1.720100 101.587837 -0.134846 -1.067142 -0.032125 
415 31.531094 0.000000 2.652717 101.308281 -0.111544 -1.932135 -0.026711 
416 30.522832 0.000000 3.585334 101.160277 -0.076959 -0.419894 -0.023358 
417 43.630234 0.000000 -2.010367 105.127766 -0.010300 3.424823 -0.106358 
418 43.630234 0.000000 -5.740834 99.501443 0.009480 1.400550 0.009750 
419 47.663281 0.000000 -2.010367 88.045506 -0.020770 7.922795 0.218522 
420 43.630234 0.000000 1.720100 104.382420 -0.020869 -4.546460 -0.091636 
421 37.580664 0.000000 -3.875601 105.695102 -0.013646 3.170364 -0.118151 
422 37.580664 0.000000 -5.740834 99.737287 -0.100833 1.539270 0.005009 
423 39.597187 0.000000 -3.875601 98.692960 0.063885 1.932357 0.025596 
424 37.580664 0.000000 -2.010367 105.617953 -0.025033 3.109268 -0.116482 
425 33.547617 0.000000 -0.145134 14.384478 -0.038448 -0.184779 0.979305 
426 35.564141 0.000000 -0.145134 22.461452 0.048074 0.481635 0.949525 
427 34.555879 0.000000 -2.942984 104.748829 -0.084378 2.721561 -0.097973 
428 33.547617 0.000000 -2.942984 104.337751 -0.156372 2.510611 -0.089269 
429 34.555879 0.000000 -3.875601 104.727974 -0.090336 2.693079 -0.097521 
430 35.564141 0.000000 -2.942984 105.139359 -0.091773 2.882774 -0.106260 
431 34.555879 0.000000 -2.010367 104.817863 -0.085505 2.748420 -0.099435 
432 43.630234 0.000000 5.450567 99.914462 -0.027512 -0.520755 0.001683 
433 47.663281 0.000000 5.450567 99.714702 -0.005057 -1.495553 0.005474 
434 43.630234 0.000000 9.181034 99.720121 -0.069342 0.333253 0.005578 
435 37.580664 0.000000 3.585334 102.475531 0.073336 -2.466530 -0.050732 
436 37.580664 0.000000 1.720100 100.544316 0.101484 -1.210739 -0.011064 
437 39.597187 0.000000 3.585334 102.396008 -0.036600 -2.910740 -0.049342 
438 37.580664 0.000000 5.450567 99.567427 -0.078622 -0.251132 0.008626 
439 34.555879 0.000000 2.652717 101.414909 0.084435 -1.934404 -0.028873 
440 33.547617 0.000000 2.652717 100.841135 -0.005268 -1.892122 -0.017251 
441 34.555879 0.000000 1.720100 100.812487 0.100704 -1.581295 -0.016567 
442 35.564141 0.000000 2.652717 101.612458 0.234747 -1.934898 -0.032889 
443 34.555879 0.000000 3.585334 103.235868 0.050883 -2.387344 -0.066335 
444 47.663281 0.000000 -20.662703 99.880341 -0.001442 1.593627 0.002138 
445 47.663281 0.000000 -28.123637 99.906136 0.003303 1.635874 0.001609 
446 55.729375 0.000000 -20.662703 99.870469 0.002550 1.536987 0.002353 
447 43.630234 0.000000 -9.471302 99.705898 0.015812 1.320458 0.005699 
448 43.630234 0.000000 -13.201769 99.939653 -0.004489 1.457018 0.000994 
449 47.663281 0.000000 -9.471302 99.358450 0.084199 1.429126 0.012585 
450 41.613711 0.000000 -3.875601 99.143542 -0.033460 1.322547 0.016881 
451 41.613711 0.000000 -5.740834 99.245966 -0.012935 1.566319 0.014778 
452 43.630234 0.000000 -3.875601 99.763442 -0.005452 1.234888 0.004573 
453 41.613711 0.000000 -2.010367 105.789952 0.039136 3.404716 -0.120311 
454 41.613711 0.000000 3.585334 103.226587 0.023724 -3.405381 -0.066733 
455 41.613711 0.000000 1.720100 103.805586 0.015440 -4.367293 -0.079467 
456 43.630234 0.000000 3.585334 100.562008 -0.021803 -1.278070 -0.011435 
457 41.613711 0.000000 5.450567 99.883748 -0.021948 -0.395375 0.002308 
458 63.795469 0.000000 -5.740834 99.884392 0.036237 0.777384 0.002250 
459 63.795469 0.000000 -13.201769 99.898212 0.027041 1.311710 0.001863 
460 71.861562 0.000000 -5.740834 99.933347 0.023550 0.715229 0.001281 
461 63.795469 0.000000 1.720100 99.973717 0.024514 -3.698865 -0.000843 
462 51.696328 0.000000 -2.010367 98.809277 0.005733 0.115152 0.023671 
463 51.696328 0.000000 -5.740834 99.079771 0.022455 0.847054 0.018248 
464 55.729375 0.000000 -2.010367 99.570529 0.058622 0.029672 0.008571 
465 51.696328 0.000000 1.720100 98.793622 0.001975 -3.619411 0.022672 
466 45.646758 0.000000 -3.875601 100.613327 -0.047501 1.313017 -0.012477 
467 45.646758 0.000000 -5.740834 99.902307 -0.013799 1.422619 0.001751 
468 47.663281 0.000000 -3.875601 98.498087 0.042182 3.131451 0.028832 
469 45.646758 0.000000 -2.010367 102.241880 -0.008478 3.217818 -0.046376 
470 41.613711 0.000000 -0.145134 41.616418 -0.046660 -0.288725 0.826799 
471 39.597187 0.000000 -0.145134 36.980858 0.077699 0.292515 0.863232 
472 43.630234 0.000000 -0.145134 43.800586 -0.034465 0.033968 0.808151 
473 42.621973 0.000000 -2.942984 105.655880 0.004301 3.437515 -0.117498 
474 41.613711 0.000000 -2.942984 105.844545 0.052872 3.415156 -0.121473 
475 42.621973 0.000000 -3.875601 99.241350 -0.014561 1.679106 0.014833 
476 43.630234 0.000000 -2.942984 105.256270 -0.009353 3.443139 -0.109074 
477 42.621973 0.000000 -2.010367 105.670394 0.008003 3.430514 -0.117800 
478 63.795469 0.000000 9.181034 99.887758 0.003443 0.635961 0.002203 
479 71.861562 0.000000 9.181034 99.963863 0.002798 0.536418 0.000694 
480 63.795469 0.000000 16.641969 99.904367 -0.003727 1.202089 0.001767 
481 51.696328 0.000000 5.450567 99.121854 -0.021698 -0.386571 0.017471 
482 55.729375 0.000000 5.450567 99.650198 -0.000562 -0.277856 0.006976 
483 51.696328 0.000000 9.181034 99.703312 0.025223 0.268800 0.005918 
484 45.646758 0.000000 3.585334 101.138527 -0.022730 -1.596115 -0.023155 
485 45.646758 0.000000 1.720100 102.610988 0.044705 -3.752384 -0.054310 
486 47.663281 0.000000 3.585334 98.616157 0.039399 -4.650134 0.025323 
487 45.646758 0.000000 5.450567 100.375844 0.011099 -0.722517 -0.007583 
488 42.621973 0.000000 2.652717 104.101460 -0.004541 -3.940221 -0.085264 
489 41.613711 0.000000 2.652717 103.658511 0.020015 -4.135521 -0.076219 
490 42.621973 0.000000 1.720100 104.143500 -0.004260 -4.401023 -0.086524 
491 43.630234 0.000000 2.652717 104.324244 -0.026149 -3.757199 -0.089767 
492 42.621973 0.000000 3.585334 99.282831 -0.010205 -1.926606 0.013921 
493 45.646758 0.000000 -0.145134 44.579090 0.068242 -0.033596 0.801270 
494 47.663281 0.000000 -0.145134 83.680701 -0.017297 -1.629001 0.299489 
495 49.679805 0.000000 -0.145134 95.988866 0.077108 -1.211128 0.078466 
496 49.679805 0.000000 -2.010367 96.890397 0.049026 0.579948 0.061191 
497 51.696328 0.000000 -0.145134 98.694874 0.006008 -1.263246 0.025773 
498 49.679805 0.000000 1.720100 96.739220 0.037147 -4.033316 0.062525 
499 46.655020 0.000000 -1.077750 25.441527 0.017445 7.127618 0.930193 
500 45.646758 0.000000 -1.077750 102.997738 0.000260 3.323299 -0.061958 
501 46.655020 0.000000 -2.010367 102.206281 -0.069653 2.592177 -0.045285 
502 47.663281 0.000000 -1.077750 77.663057 -0.007148 3.430089 0.395668 
503 46.655020 0.000000 -0.145134 167.353590 2.862252 18.999120 -1.837638 
504 44.638496 0.000000 -1.077750 104.666711 -0.013405 3.371304 -0.096649 
505 43.630234 0.000000 -1.077750 105.195044 -0.007935 3.423646 -0.107772 
506 44.638496 0.000000 -2.010367 103.993599 -0.009065 3.365752 -0.082600 
507 44.638496 0.000000 -0.145134 46.415609 0.029762 0.003831 0.784559 
508 51.696328 0.000000 -9.471302 99.590476 0.062654 1.301877 0.008004 
509 51.696328 0.000000 -13.201769 99.757139 0.076600 1.476123 0.004633 
510 55.729375 0.000000 -9.471302 99.709138 0.072000 1.132363 0.005680 
511 49.679805 0.000000 -3.875601 98.227064 0.017002 1.290589 0.034978 
512 49.679805 0.000000 -5.740834 98.854434 -0.005778 1.261791 0.022621 
513 51.696328 0.000000 -3.875601 98.957247 -0.016303 0.596960 0.020711 
514 46.655020 0.000000 -2.942984 103.940687 -0.012491 3.268407 -0.081435 
515 45.646758 0.000000 -2.942984 102.988763 0.000268 3.330735 -0.061778 
516 46.655020 0.000000 -3.875601 100.960163 0.002401 2.569818 -0.019956 
517 47.663281 0.000000 -2.942984 96.275403 0.068765 5.086203 0.070517 
518 46.150889 0.000000 -1.544059 101.299777 -0.017784 3.106602 -0.027130 
519 45.646758 0.000000 -1.544059 102.736371 -0.003431 3.253862 -0.056535 
520 46.150889 0.000000 -2.010367 101.254839 -0.018704 3.106197 -0.026219 
521 46.655020 0.000000 -1.544059 100.726088 -0.024724 3.053134 -0.015507 
522 46.150889 0.000000 -1.077750 40.937034 0.040596 1.812401 0.832087 
523 49.679805 0.000000 3.585334 98.129346 -0.023261 -2.332613 0.036519 
524 51.696328 0.000000 3.585334 98.989510 -0.026134 -1.596663 0.019853 
525 49.679805 0.000000 5.450567 98.949903 -0.022071 -0.857978 0.020818 
526 46.655020 0.000000 2.652717 108.299882 0.008093 -4.368222 -0.174795 
527 45.646758 0.000000 2.652717 103.118185 0.027623 -3.475687 -0.064544 
528 46.655020 0.000000 1.720100 103.226971 0.108912 -2.807393 -0.066370 
529 47.663281 0.000000 2.652717 95.358154 0.029177 -8.544640 0.083381 
530 46.655020 0.000000 3.585334 102.248344 0.001223 -3.415778 -0.046639 
531 44.638496 0.000000 2.652717 104.171387 -0.024592 -3.717379 -0.086550 
532 44.638496 0.000000 1.720100 103.939218 -0.009561 -4.313957 -0.082197 
533 44.638496 0.000000 3.585334 100.375067 -0.019674 -1.090610 -0.007634 
534 46.655020 0.000000 0.787483 34.818044 -0.012930 -17.323095 0.848761 
535 45.646758 0.000000 0.787483 44.374553 0.071564 0.241934 0.803084 
536 47.663281 0.000000 0.787483 78.023109 -0.026806 -4.229860 0.389450 
537 46.150889 0.000000 2.186408 101.729892 0.073600 -3.374914 -0.036037 
538 45.646758 0.000000 2.186408 102.545278 0.048343 -3.509016 -0.052785 
539 46.150889 0.000000 1.720100 101.839215 0.070263 -3.447624 -0.038312 
540 46.655020 0.000000 2.186408 102.925007 0.106182 -2.886923 -0.060190 
541 46.150889 0.000000 2.652717 102.959303 -0.010543 -2.771781 -0.060830 
542 48.671543 0.000000 -1.077750 92.226340 -0.008879 0.544513 0.149401 
543 48.671543 0.000000 -2.010367 94.178760 0.045102 1.616207 0.112775 
544 49.679805 0.000000 -1.077750 96.345246 0.060813 -0.149305 0.071757 
545 48.671543 0.000000 -0.145134 91.936287 -0.024806 -1.128673 0.154644 
546 47.159150 0.000000 -1.544059 48.698747 0.012398 22.435770 0.712507 
547 47.159150 0.000000 -2.010367 51.549457 -0.146048 16.313344 0.707651 
548 47.663281 0.000000 -1.544059 80.758819 0.000278 6.827036 0.343140 
549 47.159150 0.000000 -1.077750 0.000000 0.396049 2.777048 0.999213 
550 48.671543 0.000000 -2.942984 96.211021 0.055335 2.067930 0.073916 
551 48.671543 0.000000 -3.875601 97.727535 0.030369 2.003839 0.044531 
552 49.679805 0.000000 -2.942984 97.565475 0.035888 1.061967 0.047985 
553 47.159150 0.000000 -2.476676 101.187493 0.019724 11.129115 -0.036277 
554 46.655020 0.000000 -2.476676 100.721542 -0.025602 3.065448 -0.015423 
555 47.159150 0.000000 -2.942984 100.649288 0.028843 6.276440 -0.016967 
556 47.663281 0.000000 -2.476676 93.234346 0.040345 6.597299 0.126383 
557 46.907085 0.000000 -1.777213 14.275181 -0.157883 27.677529 0.903015 
558 46.655020 0.000000 -1.777213 102.172898 -0.068589 2.602599 -0.044608 
559 46.907085 0.000000 -2.010367 47.085630 -0.149508 18.404290 0.744420 
560 47.159150 0.000000 -1.777213 16.257098 -0.172289 27.354098 0.898743 
561 46.907085 0.000000 -1.544059 0.000000 -0.042870 24.104415 0.941898 
562 44.638496 0.000000 -2.942984 104.691053 -0.017602 3.429895 -0.097198 
563 44.638496 0.000000 -3.875601 100.010142 -0.021124 1.012167 -0.000305 
564 46.150889 0.000000 -2.476676 101.594690 -0.015183 3.156673 -0.033145 
565 45.646758 0.000000 -2.476676 103.015258 0.000640 3.307667 -0.062308 
566 46.150889 0.000000 -2.942984 102.158284 -0.064620 1.665786 -0.043909 
567 46.907085 0.000000 -2.243521 118.548298 0.018565 9.614825 -0.414614 
568 46.655020 0.000000 -2.243521 101.597046 -0.051343 2.780938 -0.032970 
569 46.907085 0.000000 -2.476676 109.044475 0.015355 7.909489 -0.195326 
570 47.159150 0.000000 -2.243521 100.448852 0.015254 16.629021 -0.036650 
571 48.167412 0.000000 -1.544059 89.236468 0.004608 2.806155 0.202898 
572 48.167412 0.000000 -2.010367 91.577785 0.050329 3.265996 0.160284 
573 48.671543 0.000000 -1.544059 93.221508 -0.001278 1.151827 0.130842 
574 48.167412 0.000000 -1.077750 87.668090 -0.010332 1.656003 0.231156 
575 47.411216 0.000000 -1.777213 78.418575 0.006912 13.587693 0.366590 
576 47.411216 0.000000 -2.010367 86.385986 -0.001496 13.242253 0.236210 
577 47.663281 0.000000 -1.777213 84.168879 0.009498 7.729677 0.285585 
578 47.411216 0.000000 -1.544059 71.071226 0.003139 11.825910 0.480903 
579 47.033118 0.000000 -1.893790 27.266892 -0.164391 24.162444 0.867267 
580 46.907085 0.000000 -1.893790 19.681103 -0.175748 26.040587 0.893451 
581 47.033118 0.000000 -2.010367 39.261667 -0.161405 20.655803 0.803183 
582 47.159150 0.000000 -1.893790 25.778856 -0.175107 24.568837 0.873179 
583 47.033118 0.000000 -1.777213 16.445598 -0.141405 25.704750 0.906879 
584 48.671543 0.000000 2.652717 95.793891 0.034862 -4.469097 0.080356 
585 48.671543 0.000000 1.720100 93.639069 0.025784 -5.023170 0.120649 
586 49.679805 0.000000 2.652717 97.423763 0.011539 -3.431844 0.049683 
587 48.671543 0.000000 3.585334 97.513075 0.001356 -3.165849 0.048118 
588 47.159150 0.000000 2.186408 101.467065 0.018034 -21.794112 -0.077055 
589 47.159150 0.000000 1.720100 0.000000 0.219734 -37.093475 0.862403 
590 47.663281 0.000000 2.186408 90.661921 0.039885 -10.759242 0.166465 
591 47.159150 0.000000 2.652717 102.627402 0.025998 -10.896726 -0.065112 
592 48.671543 0.000000 0.787483 91.925249 -0.020032 -3.275213 0.153902 
593 49.679805 0.000000 0.787483 96.258082 0.064400 -2.807797 0.072649 
594 47.159150 0.000000 1.253792 0.000000 -0.050875 -18.391901 0.966174 
595 46.655020 0.000000 1.253792 22.670590 0.021579 -2.021975 0.948196 
596 47.159150 0.000000 0.787483 0.000000 -0.068840 10.338297 0.989311 
597 47.663281 0.000000 1.253792 78.017765 -0.021936 -8.639334 0.383859 
598 46.907085 0.000000 1.953254 37.309363 0.198665 -24.518472 0.800682 
599 46.655020 0.000000 1.953254 103.920409 0.115604 -2.694540 -0.080673 
600 46.907085 0.000000 1.720100 11.167869 0.195912 -31.890721 0.885822 
601 47.159150 0.000000 1.953254 26.725875 0.218125 -27.865394 0.850920 
602 46.907085 0.000000 2.186408 105.361817 0.129504 -2.393661 -0.110686 
603 44.638496 0.000000 0.787483 45.656713 0.034203 0.586966 0.791512 
604 43.630234 0.000000 0.787483 41.899622 -0.035610 -0.618577 0.824404 
605 46.150889 0.000000 1.253792 101.350001 0.090363 -3.120224 -0.028157 
606 45.646758 0.000000 1.253792 103.117778 0.028427 -3.708189 -0.064703 
607 46.150889 0.000000 0.787483 42.692817 0.066122 -2.384163 0.817163 
608 46.907085 0.000000 1.486946 0.000000 0.060505 -25.742075 0.933734 
609 46.655020 0.000000 1.486946 101.329497 0.090938 -3.212852 -0.027800 
610 46.907085 0.000000 1.253792 0.000000 -0.053649 -17.406926 0.969700 
611 47.159150 0.000000 1.486946 46.088426 0.026917 -24.766565 0.726247 
612 48.167412 0.000000 2.186408 92.740961 0.026269 -6.680254 0.135449 
613 48.167412 0.000000 1.720100 90.504828 -0.047580 -6.894328 0.176134 
614 48.671543 0.000000 2.186408 94.689018 0.063776 -4.992092 0.100906 
615 48.167412 0.000000 2.652717 94.867739 0.058860 -5.911544 0.096516 
616 47.411216 0.000000 1.953254 85.453619 0.008892 -17.235331 0.240062 
617 47.411216 0.000000 1.720100 77.118913 -0.000903 -17.350160 0.375165 
618 47.663281 0.000000 1.953254 87.688863 -0.013828 -11.583790 0.217648 
619 47.411216 0.000000 2.186408 92.028877 0.008337 -15.260209 0.129781 
620 47.033118 0.000000 1.836677 20.369729 0.221730 -30.902511 0.863006 
621 46.907085 0.000000 1.836677 16.487359 0.225136 -32.606371 0.866494 
622 47.033118 0.000000 1.720100 14.651235 0.188333 -30.198359 0.887336 
623 47.159150 0.000000 1.836677 17.378666 0.219299 -31.100472 0.873069 
624 47.033118 0.000000 1.953254 29.614199 0.208001 -27.057214 0.839086 
625 46.402954 0.000000 1.953254 102.069171 0.096103 -3.111263 -0.042780 
626 46.150889 0.000000 1.953254 101.678348 0.076912 -3.340659 -0.034965 
627 46.402954 0.000000 1.720100 102.049090 0.095572 -3.138660 -0.042388 
628 46.402954 0.000000 2.186408 101.331698 0.090876 -3.202910 -0.027838 
629 46.781052 0.000000 1.836677 63.311023 0.166005 -16.049647 0.573410 
630 46.655020 0.000000 1.836677 103.861162 0.115037 -2.708107 -0.079449 
631 46.781052 0.000000 1.720100 28.099138 0.176396 -26.050758 0.853177 
632 46.781052 0.000000 1.953254 81.398535 0.150049 -10.088823 0.327247 
633 87.993750 0.000000 180.782525 99.987887 0.000168 1.739175 -0.000060 
634 23.465000 0.000000 180.782525 99.990456 0.000163 1.742514 -0.000113 
635 152.522500 0.000000 180.782525 99.985744 0.000164 1.738802 -0.000017 
636 87.993750 0.000000 240.470000 99.986923 0.000113 1.742144 -0.000042 
637 55.729375 0.000000 91.251312 100.006301 0.000466 1.717344 -0.000421 
638 23.465000 0.000000 91.251312 100.020839 0.000742 1.735419 -0.000718 
639 87.993750 0.000000 91.251312 99.991060 0.000366 1.716446 -0.000116 
640 55.729375 0.000000 121.095050 99.994551 0.000316 1.732321 -0.000191 
641 39.597187 0.000000 46.485706 100.145330 -0.103650 1.627095 -0.003175 
642 23.465000 0.000000 46.485706 100.182812 -0.201677 1.727940 -0.003962 
643 55.729375 0.000000 46.485706 100.056350 0.008093 1.583472 -0.001378 
644 39.597187 0.000000 61.407575 100.164541 0.050748 1.660848 -0.003570 
645 47.663281 0.000000 24.102903 100.002294 0.007462 1.341598 -0.000226 
646 39.597187 0.000000 24.102903 100.088609 -0.105959 1.332659 -0.001952 
647 55.729375 0.000000 24.102903 99.914506 0.012453 1.411226 0.001510 
648 47.663281 0.000000 31.563838 100.041923 0.008627 1.497660 -0.001063 
649 43.630234 0.000000 12.911502 100.268031 -0.126485 0.779594 -0.005430 
650 39.597187 0.000000 12.911502 100.115608 -0.025671 0.838877 -0.002384 
651 47.663281 0.000000 12.911502 99.984338 -0.048960 0.636542 0.000272 
652 43.630234 0.000000 16.641969 100.235137 -0.067159 0.979239 -0.004805 
653 45.646758 0.000000 7.315801 99.671649 -0.002219 -0.132509 0.006554 
654 43.630234 0.000000 7.315801 99.669417 0.003281 -0.018348 0.006601 
655 47.663281 0.000000 7.315801 99.506197 -0.020218 -0.339522 0.009840 
656 45.646758 0.000000 9.181034 99.730830 0.052228 0.216630 0.005371 
657 46.655020 0.000000 4.517950 101.026831 0.025512 -2.000106 -0.021042 
658 45.646758 0.000000 4.517950 100.793895 0.003623 -1.110634 -0.016064 
659 47.663281 0.000000 4.517950 99.572656 0.024197 -2.607092 0.007849 
660 46.655020 0.000000 5.450567 100.390178 0.027427 -1.172675 -0.007956 
661 47.159150 0.000000 3.119025 101.433633 0.034666 -6.789582 -0.033488 
662 46.655020 0.000000 3.119025 104.036324 -0.006185 -4.193258 -0.084114 
663 47.663281 0.000000 3.119025 97.591869 0.050321 -6.317705 0.043591 
664 47.159150 0.000000 3.585334 100.777686 0.027172 -4.681171 -0.017806 
665 46.907085 0.000000 2.419563 112.902538 0.029020 -10.276525 -0.285259 
666 46.655020 0.000000 2.419563 101.350001 0.090363 -3.120224 -0.028157 
667 47.159150 0.000000 2.419563 102.920431 0.029627 -14.835610 -0.081271 
668 46.907085 0.000000 2.652717 107.853237 0.027405 -8.333962 -0.170178 
669 47.033118 0.000000 2.069831 41.064297 0.201865 -23.192842 0.777577 
670 46.907085 0.000000 2.069831 48.601529 0.190576 -20.712254 0.720886 
671 47.159150 0.000000 2.069831 96.988375 0.014936 -26.561169 -0.011224 
672 47.033118 0.000000 2.186408 115.991046 0.026590 -22.144173 -0.394429 
673 46.970101 0.000000 1.894966 22.581429 0.220488 -30.189993 0.857859 
674 46.907085 0.000000 1.894966 20.162185 0.221083 -29.719205 0.871021 
675 46.970101 0.000000 1.836677 15.526671 0.224159 -32.621008 0.869474 
676 47.033118 0.000000 1.894966 27.903532 0.209420 -27.640528 0.845735 
677 46.970101 0.000000 1.953254 31.327291 0.206467 -26.488536 0.831692 
678 47.159150 0.000000 -0.611442 62.930218 0.136322 -27.430476 0.528734 
679 46.655020 0.000000 -0.611442 51.501820 -0.070716 26.588246 0.664062 
680 47.663281 0.000000 -0.611442 79.500615 -0.017771 -0.475786 0.367943 
681 47.159150 0.000000 -0.145134 221.046751 -4.281454 -46.812248 -4.107138 
682 46.907085 0.000000 -1.310905 0.000000 0.110221 15.522128 0.975905 
683 46.655020 0.000000 -1.310905 21.747898 0.021767 1.145195 0.952572 
684 47.159150 0.000000 -1.310905 0.000000 0.150402 13.531163 0.981689 
685 46.907085 0.000000 -1.077750 0.000000 0.327761 5.653585 0.996793 
686 47.033118 0.000000 -1.660636 6.838241 -0.120280 26.844970 0.923257 
687 46.907085 0.000000 -1.660636 8.510598 -0.117552 26.423291 0.922937 
688 47.159150 0.000000 -1.660636 0.000000 -0.165680 32.074395 0.897121 
689 47.033118 0.000000 -1.544059 0.000000 -0.036850 23.797464 0.943368 
690 47.159150 0.000000 0.321175 142.255358 4.457496 46.680424 -1.243552 
691 46.655020 0.000000 0.321175 108.609646 -3.186475 -39.263944 -0.334787 
692 47.663281 0.000000 0.321175 82.222784 -0.022785 -1.391696 0.323748 
693 46.907085 0.000000 1.020637 0.000000 -0.118593 -6.205360 0.996148 
694 46.655020 0.000000 1.020637 26.047438 0.012330 -8.503106 0.924923 
695 46.907085 0.000000 0.787483 0.000000 -0.083170 7.499269 0.994375 
696 47.159150 0.000000 1.020637 0.000000 -0.132066 -7.757999 0.993980 
697 46.150889 0.000000 -0.611442 44.601389 0.048344 2.334974 0.800526 
698 45.646758 0.000000 -0.611442 44.311789 0.061186 -0.115087 0.803645 
699 46.150889 0.000000 -0.145134 48.932884 0.054177 0.760711 0.760499 
700 46.907085 0.000000 -0.844596 0.000000 0.729411 -8.743265 0.992302 
701 46.655020 0.000000 -0.844596 33.083074 -0.003870 15.388736 0.866870 
702 47.159150 0.000000 -0.844596 0.000000 0.959875 -16.204658 0.973649 
703 46.907085 0.000000 -0.611442 0.000000 2.097593 -37.466511 0.859186 
704 46.150889 0.000000 0.321175 47.581624 0.061991 -1.952057 0.773217 
705 45.646758 0.000000 0.321175 44.564585 0.072154 -0.172093 0.801396 
706 46.907085 0.000000 0.554329 0.000000 0.300799 39.702832 0.842359 
707 46.655020 0.000000 0.554329 56.335826 -0.105666 -29.353983 0.596461 
708 46.907085 0.000000 0.321175 0.000000 1.200618 93.481322 0.125980 
709 47.159150 0.000000 0.554329 0.000000 0.384806 42.155938 0.822273 
710 46.907085 0.000000 -0.378288 0.000000 6.282812 -90.033633 0.185447 
711 46.655020 0.000000 -0.378288 93.657340 -2.521050 39.231637 -0.031717 
712 47.159150 0.000000 -0.378288 114.507012 2.983522 -51.466912 -0.576960 
713 46.907085 0.000000 -0.145134 0.000000 13.358560 -172.616530 -1.997492 
714 46.907085 0.000000 0.088021 0.000000 -1.348183 146.103804 -1.134814 
715 46.655020 0.000000 0.088021 172.073105 2.943779 -15.586584 -1.986076 
716 47.159150 0.000000 0.088021 247.308374 -3.781628 24.794242 -5.179049 
717 48.167412 0.000000 0.321175 87.131642 -0.036675 -2.596851 0.240133 
718 48.167412 0.000000 -0.145134 87.083499 -0.032611 -1.048901 0.241536 
719 48.671543 0.000000 0.321175 92.004034 -0.035009 -2.317107 0.152989 
720 48.167412 0.000000 0.787483 87.570338 -0.036612 -4.355851 0.231246 
721 47.411216 0.000000 0.088021 100.389709 1.700773 0.716735 -0.008150 
722 47.411216 0.000000 -0.145134 98.842716 1.637304 -5.865894 0.019303 
723 47.663281 0.000000 0.088021 83.847397 -0.019433 -1.323138 0.296786 
724 47.411216 0.000000 0.321175 89.801914 0.054060 5.222859 0.190834 
725 47.033118 0.000000 -0.028556 0.000000 18.807299 -202.400592 -3.131971 
726 46.907085 0.000000 -0.028556 0.000000 -207.361061 956.705618 -94.828425 
727 47.033118 0.000000 -0.145134 0.000000 13.752956 -182.269806 -2.341143 
728 47.159150 0.000000 -0.028556 263.121556 -4.646935 -14.838462 -5.947473 
729 47.033118 0.000000 0.088021 0.000000 0.001476 162.467874 -1.639581 
730 46.402954 0.000000 0.088021 68.105533 -0.010667 -2.749981 0.535407 
731 46.150889 0.000000 0.088021 49.104761 0.057887 -0.724853 0.758819 
732 46.402954 0.000000 -0.145134 67.216281 -0.011937 3.583605 0.546913 
733 46.402954 0.000000 0.321175 60.488755 0.006755 -7.372987 0.628675 
734 46.781052 0.000000 -0.028556 567.222724 10.593394 44.455328 -31.383011 
735 46.655020 0.000000 -0.028556 179.820061 3.377894 8.218869 -2.241421 
736 46.781052 0.000000 -0.145134 0.000000 18.828884 -202.477261 -3.135157 
737 46.781052 0.000000 0.088021 485.996494 6.479236 -94.767461 -23.521544 
738 47.033118 0.000000 0.204598 0.000000 1.773884 144.900222 -1.099922 
739 46.907085 0.000000 0.204598 0.000000 1.538947 148.852920 -1.215956 
740 47.159150 0.000000 0.204598 208.918420 -0.242331 28.847941 -3.447917 
741 47.033118 0.000000 0.321175 0.000000 1.119939 98.066967 0.038162 
742 46.970101 0.000000 0.029732 0.000000 -247.524770 326.048931 -15.757642 
743 46.907085 0.000000 0.029732 0.000000 -355.084565 -525.129045 -39.184556 
744 46.970101 0.000000 -0.028556 0.000000 -311.945054 25.677293 -8.796904 
745 47.033118 0.000000 0.029732 0.000000 2.793052 184.942573 -2.421156 
746 46.970101 0.000000 0.088021 0.000000 -1.015080 152.066136 -1.312514 
747 46.781052 0.000000 0.204598 0.000000 1.512199 101.733969 -0.035209 
748 46.655020 0.000000 0.204598 133.382122 -3.783787 -52.653742 -1.057752 
749 46.781052 0.000000 0.321175 0.000000 1.330281 99.971907 0.000385 
750 46.844069 0.000000 0.029732 0.000000 -0.195532 160.926430 -1.589735 
751 46.781052 0.000000 0.029732 566.218251 8.967595 -33.522686 -31.180730 
752 46.844069 0.000000 -0.028556 0.000000 11.401511 -170.181336 -1.909168 
753 46.844069 0.000000 0.088021 0.000000 -0.717263 156.219397 -1.440501 
754 46.970101 0.000000 0.146309 0.000000 0.402143 156.250044 -1.441424 
755 46.907085 0.000000 0.146309 0.000000 0.776677 160.838647 -1.586967 
756 47.033118 0.000000 0.146309 0.000000 0.955993 169.783703 -1.882742 
757 46.970101 0.000000 0.204598 0.000000 1.149625 148.731003 -1.212223 
758 46.938593 0.000000 0.058876 0.000000 -207.608680 -2611.456439 -685.280610 
759 46.907085 0.000000 0.058876 0.000000 -212.270015 -1820.494285 -334.925800 
760 46.938593 0.000000 0.029732 0.000000 -335.373755 -1721.725704 -306.681496 
761 46.970101 0.000000 0.058876 0.000000 -142.545574 -468.990594 -23.027142 
762 46.938593 0.000000 0.088021 0.000000 -91.444217 -796.450972 -63.269620 
763 48.167412 0.000000 -0.611442 87.291216 -0.025674 0.420629 0.238007 
764 48.671543 0.000000 -0.611442 92.191680 -0.013812 -0.076020 0.150069 
765 47.411216 0.000000 -0.378288 87.432109 0.051200 -8.249182 0.228757 
766 47.411216 0.000000 -0.611442 75.319052 0.024826 -6.196408 0.428864 
767 47.663281 0.000000 -0.378288 81.844947 -0.017309 -1.493995 0.329917 
768 47.033118 0.000000 -0.261711 0.000000 7.608167 -108.932039 -0.192407 
769 46.907085 0.000000 -0.261711 0.000000 11.147399 -142.178607 -1.033902 
770 47.033118 0.000000 -0.378288 0.000000 6.667113 -93.560481 0.120199 
771 47.159150 0.000000 -0.261711 147.646147 -6.001141 -75.494819 -1.753487 
772 46.970101 0.000000 -0.086845 0.000000 10.139287 -158.383119 -1.518802 
773 46.907085 0.000000 -0.086845 0.000000 118.895602 809.790002 -65.989601 
774 46.970101 0.000000 -0.145134 0.000000 12.285540 -166.899056 -1.800623 
775 47.033118 0.000000 -0.086845 0.000000 11.844293 -172.255862 -1.981237 
776 46.402954 0.000000 -0.378288 58.661094 0.001054 7.538874 0.650204 
777 46.150889 0.000000 -0.378288 47.151653 0.051197 1.897150 0.777312 
778 46.402954 0.000000 -0.611442 48.666391 0.015831 7.817337 0.757047 
779 46.781052 0.000000 -0.261711 0.000000 8.236387 -111.685382 -0.254146 
780 46.655020 0.000000 -0.261711 132.836138 -13.183842 36.724657 -0.916795 
781 46.781052 0.000000 -0.378288 0.000000 6.511925 -91.973703 0.149843 
782 46.844069 0.000000 -0.086845 0.000000 10.614944 -163.783325 -1.693765 
783 46.781052 0.000000 -0.086845 488.235520 10.359577 105.630039 -23.963895 
784 46.844069 0.000000 -0.145134 0.000000 12.113411 -168.330191 -1.848179 
785 46.938593 0.000000 -0.057701 0.000000 307.040782 3047.952431 -937.428806 
786 46.907085 0.000000 -0.057701 0.000000 226.848693 2954.106409 -876.820500 
787 46.938593 0.000000 -0.086845 0.000000 143.407555 1008.341170 -102.731764 
788 46.970101 0.000000 -0.057701 0.000000 4.552067 700.743964 -48.106282 
789 46.938593 0.000000 -0.028556 0.000000 42.453015 2224.157071 -493.867694 
790 -170.121250 0.000000 -177.342325 99.984059 0.000000 1.745267 0.000014 
791 -234.650000 0.000000 -177.342325 99.984394 -0.000001 1.745311 0.000007 
792 -170.121250 0.000000 -237.029800 99.984145 -0.000005 1.745212 0.000013 
793 217.051250 0.000000 -177.342325 99.984112 -0.000155 1.739602 0.000015 
794 217.051250 0.000000 -237.029800 99.984160 -0.000112 1.742085 0.000013 
795 281.580000 0.000000 -177.342325 99.984469 -0.000161 1.739619 0.000008 
796 -41.063750 0.000000 180.782525 99.987630 0.000104 1.745582 -0.000057 
797 -105.592500 0.000000 180.782525 99.985575 0.000047 1.745743 -0.000016 
798 -41.063750 0.000000 240.470000 99.986812 0.000068 1.745120 -0.000041 
799 -170.121250 0.000000 180.782525 99.985027 0.000022 1.745543 -0.000005 
800 -234.650000 0.000000 180.782525 99.984874 0.000012 1.745425 -0.000002 
801 -170.121250 0.000000 240.470000 99.985144 0.000021 1.745452 -0.000008 
802 -73.328125 0.000000 -87.811112 99.980906 0.000092 1.744749 0.000077 
803 -105.592500 0.000000 -87.811112 99.982671 0.000039 1.745285 0.000042 
804 -73.328125 0.000000 -117.654850 99.981724 0.000056 1.744610 0.000061 
805 217.051250 0.000000 180.782525 99.985152 0.000164 1.738896 -0.000005 
806 281.580000 0.000000 180.782525 99.984987 0.000165 1.738929 -0.000002 
807 217.051250 0.000000 240.470000 99.985221 0.000121 1.741660 -0.000008 
808 120.258125 0.000000 -87.811112 99.981020 -0.000281 1.723640 0.000082 
809 120.258125 0.000000 -117.654850 99.981685 -0.000203 1.733278 0.000066 
810 152.522500 0.000000 -87.811112 99.982925 -0.000301 1.723306 0.000044 
811 -8.799375 0.000000 91.251312 100.003217 0.000687 1.751070 -0.000371 
812 -41.063750 0.000000 91.251312 99.989560 0.000320 1.750482 -0.000098 
813 -8.799375 0.000000 121.095050 99.993702 0.000333 1.745865 -0.000179 
814 -73.328125 0.000000 91.251312 99.984943 0.000134 1.747042 -0.000004 
815 -105.592500 0.000000 91.251312 99.984643 0.000066 1.746228 0.000002 
816 -73.328125 0.000000 121.095050 99.985800 0.000107 1.746576 -0.000021 
817 -24.931563 0.000000 -43.045506 99.963364 0.004433 1.736532 0.000431 
818 -41.063750 0.000000 -43.045506 99.974223 0.068481 1.741815 0.000212 
819 -24.931563 0.000000 -57.967375 99.930591 0.005727 1.763105 0.001077 
820 120.258125 0.000000 91.251312 99.985537 0.000326 1.719719 -0.000006 
821 152.522500 0.000000 91.251312 99.985130 0.000311 1.720179 0.000001 
822 120.258125 0.000000 121.095050 99.986210 0.000255 1.730606 -0.000024 
823 71.861562 0.000000 -43.045506 99.940531 0.005908 1.651471 0.000916 
824 71.861562 0.000000 -57.967375 99.948496 0.006905 1.686360 0.000745 
825 87.993750 0.000000 -43.045506 99.971039 -0.000425 1.664141 0.000302 
826 7.332812 0.000000 46.485706 100.053989 -0.208694 1.806310 -0.001411 
827 -8.799375 0.000000 46.485706 100.005070 -0.101772 1.808501 -0.000429 
828 7.332812 0.000000 61.407575 100.061662 -0.419542 1.782948 -0.001569 
829 -24.931563 0.000000 46.485706 99.972488 -0.007300 1.761870 0.000240 
830 -41.063750 0.000000 46.485706 99.989055 -0.096732 1.764697 -0.000093 
831 -24.931563 0.000000 61.407575 100.023374 -0.014577 1.780040 -0.000784 
832 -16.865469 0.000000 -20.662703 99.915379 0.090268 1.725148 0.001393 
833 -24.931563 0.000000 -20.662703 99.929473 0.006574 1.767805 0.001098 
834 -16.865469 0.000000 -28.123637 99.903313 0.026688 1.751847 0.001626 
835 71.861562 0.000000 46.485706 100.014014 0.000607 1.607869 -0.000539 
836 87.993750 0.000000 46.485706 99.982647 0.000413 1.648135 0.000075 
837 71.861562 0.000000 61.407575 100.007532 0.003556 1.666798 -0.000428 
838 -4.766328 0.000000 -9.471302 99.620337 0.303626 1.577877 0.007321 
839 -8.799375 0.000000 -9.471302 99.799343 0.073507 1.638439 0.003740 
840 -4.766328 0.000000 -13.201769 99.818625 0.182191 1.568926 0.003375 
841 -16.865469 0.000000 9.181034 99.869730 -0.026889 1.718837 0.002308 
842 -24.931563 0.000000 9.181034 99.939635 -0.014311 1.782277 0.000889 
843 -16.865469 0.000000 16.641969 99.885839 -0.020036 1.743269 0.001978 
844 -4.766328 0.000000 5.450567 99.408011 -0.425620 1.848099 0.011445 
845 -8.799375 0.000000 5.450567 99.699301 -0.115557 1.788371 0.005684 
846 -4.766328 0.000000 9.181034 99.557972 -0.367298 1.879074 0.008454 
847 1.283242 0.000000 -3.875601 98.243313 0.039485 0.306639 0.034816 
848 -0.733281 0.000000 -3.875601 98.505190 0.016914 1.186979 0.029532 
849 1.283242 0.000000 -5.740834 98.845511 0.028247 0.896755 0.022876 
850 31.531094 0.000000 24.102903 100.222896 -0.237888 1.346109 -0.004650 
851 23.465000 0.000000 24.102903 100.378478 -0.195450 1.581842 -0.007838 
852 31.531094 0.000000 31.563838 100.184559 0.010167 1.554225 -0.003936 
853 1.283242 0.000000 3.585334 98.266642 0.015486 3.436447 0.033186 
854 -0.733281 0.000000 3.585334 98.464443 -0.000717 2.352316 0.029922 
855 1.283242 0.000000 5.450567 98.913378 0.010858 2.769456 0.020847 
856 13.382383 0.000000 -3.875601 99.725476 -0.037603 -0.544574 0.005453 
857 13.382383 0.000000 -5.740834 100.245504 -0.046067 0.297282 -0.004925 
858 9.349336 0.000000 3.585334 100.548650 0.008353 4.613701 -0.013132 
859 9.349336 0.000000 5.450567 100.191538 0.035005 3.413356 -0.005000 
860 35.564141 0.000000 12.911502 100.021471 0.162828 0.939679 -0.000520 
861 31.531094 0.000000 12.911502 100.230153 0.051980 0.829036 -0.004677 
862 35.564141 0.000000 16.641969 100.254962 0.137108 1.183544 -0.005248 
863 27.498047 0.000000 12.911502 100.412247 0.214075 0.820455 -0.008334 
864 23.465000 0.000000 12.911502 101.111511 0.628881 1.043894 -0.022502 
865 27.498047 0.000000 16.641969 100.237809 0.443385 1.391103 -0.004975 
866 18.423691 0.000000 -1.077750 -126.472881 0.009954 -3.398219 -0.600694 
867 18.423691 0.000000 -0.145134 -123.997389 0.042111 1.718111 -0.537831 
868 18.423691 0.000000 0.787483 -123.517048 0.058864 5.220821 -0.528372 
869 17.415430 0.000000 0.787483 -112.598191 0.038077 2.546134 -0.268484 
870 16.407168 0.000000 0.787483 -107.007526 -0.012461 4.134280 -0.146770 
871 15.398906 0.000000 0.787483 113.412147 0.084022 4.637408 -0.288383 
872 16.407168 0.000000 -2.942984 111.629585 0.061909 -2.848407 -0.246928 
873 15.398906 0.000000 -2.942984 112.762208 0.084009 -4.062642 -0.273183 
874 16.407168 0.000000 -3.875601 101.121390 -0.436281 -0.914289 -0.022656 
875 22.456738 0.000000 -1.077750 -100.909264 -0.222685 -10.118387 -0.028511 
876 23.465000 0.000000 -1.077750 -47.173148 -0.084986 -15.141830 0.754541 
877 22.456738 0.000000 -0.145134 -113.197431 -0.182121 -24.238460 -0.340119 
878 22.456738 0.000000 0.787483 -152.620338 -0.545312 -38.698423 -1.479083 
879 23.465000 0.000000 0.787483 -33.859941 0.005258 -57.229589 0.557828 
880 24.473262 0.000000 -1.077750 -5.625156 -0.018279 -9.488062 0.987833 
881 25.481523 0.000000 -1.077750 6.414487 -0.008427 -3.791774 0.994448 
882 24.473262 0.000000 -0.145134 6.784350 0.013770 -17.712993 0.964022 
883 26.489785 0.000000 -1.077750 6.204470 0.006839 -1.941801 0.995773 
884 27.498047 0.000000 -1.077750 3.810880 0.081592 -1.462468 0.998333 
885 26.489785 0.000000 -0.145134 6.460005 0.020171 -1.772921 0.995512 
886 26.489785 0.000000 0.787483 7.750222 0.031376 -1.043252 0.993884 
887 25.481523 0.000000 0.787483 16.350361 0.036241 -3.772300 0.971843 
888 27.498047 0.000000 0.787483 4.213925 0.038313 -0.678019 0.998178 
889 24.473262 0.000000 0.787483 34.037223 0.068946 -21.291085 0.838815 
890 63.795469 0.000000 -20.662703 99.896127 0.073903 1.471444 0.001859 
891 63.795469 0.000000 -28.123637 99.899794 0.093804 1.553388 0.001761 
892 71.861562 0.000000 -20.662703 99.922790 0.006422 1.432868 0.001338 
893 37.580664 0.000000 -0.145134 30.078924 -0.085233 0.501019 0.909500 
894 63.795469 0.000000 24.102903 99.978887 -0.045148 1.361266 0.000237 
895 71.861562 0.000000 24.102903 99.977530 0.004403 1.382320 0.000258 
896 63.795469 0.000000 31.563838 99.992955 -0.077568 1.480598 -0.000079 
897 51.696328 0.000000 12.911502 99.896005 0.023209 0.674771 0.002033 
898 55.729375 0.000000 12.911502 99.839537 0.040696 0.840074 0.003136 
899 51.696328 0.000000 16.641969 99.897397 -0.018113 1.053643 0.001940 
900 28.506309 0.000000 -1.077750 1.278742 -0.097367 -1.296978 0.999667 
901 29.514570 0.000000 -1.077750 0.036440 -0.067542 -0.450153 0.999979 
902 28.506309 0.000000 -0.145134 1.298868 -0.046838 -0.746739 0.999775 
903 30.522832 0.000000 -1.077750 3.030324 0.095997 -0.248143 0.999075 
904 31.531094 0.000000 -1.077750 103.427487 -0.136331 1.739440 -0.070029 
905 30.522832 0.000000 -0.145134 3.461815 0.005853 -0.023189 0.998802 
906 30.522832 0.000000 0.787483 3.022698 0.001650 -0.292140 0.999078 
907 29.514570 0.000000 0.787483 1.256712 -0.010251 -0.320496 0.999832 
908 31.531094 0.000000 0.787483 9.634516 -0.070805 -0.469813 0.990695 
909 28.506309 0.000000 0.787483 1.656954 -0.097215 -0.256179 0.999718 
910 32.539355 0.000000 -2.942984 103.855836 -0.190676 2.200815 -0.079091 
911 32.539355 0.000000 -3.875601 99.733536 -0.138394 2.604326 0.004642 
912 32.539355 0.000000 -2.010367 103.893067 -0.190044 2.247069 -0.079885 
913 32.539355 0.000000 2.652717 100.955502 -0.097208 -1.834974 -0.019539 
914 32.539355 0.000000 1.720100 99.782604 -0.075230 -1.463472 0.004128 
915 32.539355 0.000000 3.585334 102.280831 -0.117789 -2.180292 -0.046614 
916 32.539355 0.000000 -1.077750 104.005111 -0.205713 2.365117 -0.082270 
917 33.547617 0.000000 -1.077750 104.443168 -0.139606 2.558539 -0.091494 
918 32.539355 0.000000 -0.145134 13.342480 -0.106578 0.067152 0.982196 
919 34.555879 0.000000 -1.077750 104.746624 -0.079859 2.724350 -0.097928 
920 35.564141 0.000000 -1.077750 105.368746 -0.087895 2.966932 -0.111138 
921 34.555879 0.000000 -0.145134 22.568598 0.002139 -0.356668 0.949053 
922 34.555879 0.000000 0.787483 101.213699 0.102655 -1.885751 -0.024778 
923 33.547617 0.000000 0.787483 12.172350 -0.020755 -0.206056 0.985179 
924 35.564141 0.000000 0.787483 101.921757 0.276885 -1.392575 -0.039006 
925 32.539355 0.000000 0.787483 13.949271 -0.107908 -1.914539 0.980174 
926 41.613711 0.000000 7.315801 99.668809 -0.037698 -0.034694 0.006613 
927 39.597187 0.000000 7.315801 99.803782 -0.093541 0.279635 0.003912 
928 41.613711 0.000000 9.181034 100.084116 -0.076917 0.496757 -0.001708 
929 42.621973 0.000000 -1.077750 105.610971 0.001093 3.412220 -0.116532 
930 41.613711 0.000000 -1.077750 105.810649 0.047364 3.377115 -0.120730 
931 42.621973 0.000000 -0.145134 44.712469 -0.022813 0.188560 0.800076 
932 42.621973 0.000000 0.787483 104.350721 -0.009497 -4.237282 -0.090703 
933 41.613711 0.000000 0.787483 103.614148 0.030326 -4.585123 -0.075692 
934 49.679805 0.000000 7.315801 99.238115 -0.048262 -0.147132 0.015177 
935 51.696328 0.000000 7.315801 99.308889 0.008301 0.133477 0.013773 
936 49.679805 0.000000 9.181034 99.529389 0.031432 0.244224 0.009384 
937 44.638496 0.000000 4.517950 100.208448 -0.021007 -0.804646 -0.004238 
938 43.630234 0.000000 4.517950 99.900696 -0.007716 -0.876784 0.001908 
939 44.638496 0.000000 5.450567 100.083805 -0.005714 -0.538767 -0.001706 
940 48.671543 0.000000 4.517950 98.659044 -0.023267 -2.111248 0.026194 
941 49.679805 0.000000 4.517950 98.657853 -0.020359 -1.455347 0.026451 
942 48.671543 0.000000 5.450567 99.086232 -0.043088 -1.226620 0.018041 
943 46.150889 0.000000 3.119025 102.742351 -0.035091 -2.422770 -0.056186 
944 45.646758 0.000000 3.119025 101.169842 -0.036708 -1.457861 -0.023746 
945 46.150889 0.000000 3.585334 101.948374 -0.020144 -2.193432 -0.039828 
946 46.402954 0.000000 2.419563 101.330217 0.090918 -3.209602 -0.027812 
947 46.150889 0.000000 2.419563 101.989138 0.067589 -3.307825 -0.041273 
948 46.402954 0.000000 2.652717 104.691698 -0.004705 -2.108982 -0.096480 
949 47.411216 0.000000 -1.310905 66.205774 0.004041 8.259903 0.554857 
950 47.663281 0.000000 -1.310905 78.354450 -0.002230 5.285478 0.383264 
951 47.411216 0.000000 -1.077750 65.254032 0.000952 3.641132 0.572865 
952 48.167412 0.000000 -2.476676 93.860202 0.043089 3.392158 0.117875 
953 48.167412 0.000000 -2.942984 95.649721 0.073956 3.200043 0.084089 
954 48.671543 0.000000 -2.476676 95.221140 0.080539 1.903475 0.092930 
955 47.411216 0.000000 -2.243521 91.694460 0.053100 11.302286 0.146438 
956 47.411216 0.000000 -2.476676 95.016283 0.035575 9.159209 0.088801 
957 47.663281 0.000000 -2.243521 90.731469 0.043413 7.281447 0.171478 
958 48.167412 0.000000 3.119025 96.499095 0.034583 -4.912783 0.066379 
959 48.671543 0.000000 3.119025 96.732851 0.014949 -3.810683 0.062823 
960 48.167412 0.000000 3.585334 97.615768 0.018518 -3.893236 0.045600 
961 47.411216 0.000000 2.419563 95.440056 0.033514 -12.566677 0.073327 
962 47.663281 0.000000 2.419563 93.367364 0.035411 -9.738701 0.118769 
963 47.411216 0.000000 2.652717 97.602660 0.028267 -10.241389 0.036883 
964 48.167412 0.000000 1.253792 88.162843 -0.033469 -5.802621 0.219364 
965 48.671543 0.000000 1.253792 92.719905 -0.050946 -4.508538 0.138269 
966 47.411216 0.000000 1.486946 69.909466 -0.002745 -15.167156 0.488262 
967 47.411216 0.000000 1.253792 65.859128 -0.004133 -11.244321 0.553614 
968 47.663281 0.000000 1.486946 80.294980 -0.017905 -10.392167 0.344472 
969 46.781052 0.000000 2.069831 70.119457 0.158177 -13.664650 0.489651 
970 46.655020 0.000000 2.069831 103.317481 0.109777 -2.788901 -0.068229 
971 46.781052 0.000000 2.186408 103.149348 0.108338 -2.842454 -0.064788 
972 46.402954 0.000000 1.486946 101.329881 0.090927 -3.211120 -0.027806 
973 46.150889 0.000000 1.486946 101.776010 0.071206 -3.414862 -0.037002 
974 46.402954 0.000000 1.253792 101.350001 0.090363 -3.120224 -0.028157 
975 47.411216 0.000000 -0.844596 67.792947 0.008054 -1.553535 0.540170 
976 47.663281 0.000000 -0.844596 77.877248 -0.008408 1.302251 0.393344 
977 47.411216 0.000000 0.554329 77.068336 0.023390 3.799535 0.404603 
978 47.663281 0.000000 0.554329 79.848301 -0.025823 -2.375957 0.361860 
979 47.411216 0.000000 0.787483 68.549421 0.004116 -0.794097 0.530035 
980 46.402954 0.000000 -0.844596 41.302827 0.024308 5.822402 0.826018 
981 46.150889 0.000000 -0.844596 42.269409 0.044964 2.171106 0.820858 
982 46.402954 0.000000 -1.077750 37.371343 0.026508 2.898914 0.859498 
983 46.402954 0.000000 0.554329 50.253969 0.027880 -8.242036 0.740661 
984 46.150889 0.000000 0.554329 45.108753 0.065174 -2.501517 0.795894 
985 46.402954 0.000000 0.787483 42.256848 0.041646 -6.477407 0.817240 
986 46.938593 0.000000 0.000588 0.000000 -323.924093 226.487595 -14.622345 
987 46.907085 0.000000 0.000588 0.000000 -309.885328 219.024037 -13.400045 
988 46.970101 0.000000 0.000588 0.000000 -275.746221 162.973546 -9.259636 
989 46.844069 0.000000 0.146309 0.000000 0.442411 157.456401 -1.479271 
990 46.781052 0.000000 0.146309 0.000000 2.798926 185.002819 -2.423388 
991 46.844069 0.000000 0.204598 0.000000 1.473531 146.795424 -1.155107 
992 15.398906 0.000000 24.102903 100.281393 -0.104577 1.853848 -0.005981 
993 7.332812 0.000000 24.102903 100.011268 -0.062202 1.970680 -0.000614 
994 15.398906 0.000000 31.563838 100.424436 -0.206853 1.797238 -0.008834 
995 -0.733281 0.000000 24.102903 99.904477 -0.123536 1.884617 0.001553 
996 -8.799375 0.000000 24.102903 99.861043 -0.125241 1.772145 0.002462 
997 -0.733281 0.000000 31.563838 99.995603 -0.395304 1.817803 -0.000258 
998 -16.865469 0.000000 24.102903 99.943020 -0.123533 1.794063 0.000816 
999 -24.931563 0.000000 24.102903 99.954175 -0.043763 1.780420 0.000599 
1000 -16.865469 0.000000 31.563838 99.969030 -0.086400 1.807555 0.000292 
1001 19.431953 0.000000 12.911502 101.704072 0.373509 1.466947 -0.034601 
1002 15.398906 0.000000 12.911502 100.892615 0.144929 2.207839 -0.018422 
1003 19.431953 0.000000 16.641969 100.581094 0.023023 1.572339 -0.011903 
1004 11.365859 0.000000 12.911502 100.189989 -0.068104 2.307217 -0.004336 
1005 7.332812 0.000000 12.911502 99.953925 -0.177397 2.340663 0.000370 
1006 11.365859 0.000000 16.641969 100.535083 -0.129163 2.029186 -0.011144 
1007 37.580664 0.000000 7.315801 99.779341 0.033000 0.299356 0.004399 
1008 35.564141 0.000000 7.315801 99.877285 -0.051937 0.205602 0.002448 
1009 37.580664 0.000000 9.181034 99.915789 -0.014667 0.587661 0.001649 
1010 33.547617 0.000000 7.315801 100.006737 -0.009176 0.165036 -0.000137 
1011 31.531094 0.000000 7.315801 99.936852 0.042965 0.205035 0.001258 
1012 33.547617 0.000000 9.181034 99.989363 -0.008569 0.465101 0.000191 
1013 42.621973 0.000000 4.517950 99.734916 -0.031215 -0.955407 0.005203 
1014 41.613711 0.000000 4.517950 99.709150 -0.037604 -0.796893 0.005745 
1015 42.621973 0.000000 5.450567 99.874033 -0.051519 -0.463012 0.002496 
1016 46.402954 0.000000 -1.310905 100.726138 -0.024714 3.052999 -0.015508 
1017 46.150889 0.000000 -1.310905 100.726130 -0.024716 3.053020 -0.015507 
1018 46.402954 0.000000 -1.544059 100.728644 -0.023826 3.033112 -0.015546 
1019 47.411216 0.000000 1.020637 65.192507 -0.003406 -6.226892 0.571116 
1020 47.663281 0.000000 1.020637 77.552426 -0.025277 -6.531573 0.394296 
1021 46.402954 0.000000 1.020637 37.734537 0.046418 -3.617648 0.856302 
1022 46.150889 0.000000 1.020637 41.145380 0.064158 -1.965454 0.830319 
1023 3.299766 0.000000 12.911502 99.648905 -0.405208 2.233877 0.006494 
1024 -0.733281 0.000000 12.911502 99.591438 -0.434077 2.026857 0.007725 
1025 3.299766 0.000000 16.641969 99.864088 -0.198095 2.094602 0.002274 
1026 -4.766328 0.000000 12.911502 99.779255 -0.207123 1.921635 0.004036 
1027 -8.799375 0.000000 12.911502 99.780732 -0.108230 1.800446 0.004055 
1028 -4.766328 0.000000 16.641969 99.755216 -0.186550 1.853664 0.004543 
1029 29.514570 0.000000 7.315801 99.911753 -0.048591 -0.165647 0.001761 
1030 27.498047 0.000000 7.315801 99.611143 0.015243 -0.532876 0.007734 
1031 29.514570 0.000000 9.181034 99.823802 0.157518 0.328175 0.003508 
1032 25.481523 0.000000 7.315801 99.330063 0.184903 -1.321881 0.013176 
1033 23.465000 0.000000 7.315801 101.825602 0.223482 -2.099057 -0.037291 
1034 25.481523 0.000000 9.181034 100.481049 0.017831 -0.668899 -0.009689 
1035 46.402954 0.000000 -1.777213 101.165749 -0.037913 2.908684 -0.024297 
1036 46.150889 0.000000 -1.777213 101.344593 -0.017525 3.112547 -0.028041 
1037 46.402954 0.000000 -2.010367 101.160104 -0.037819 2.911685 -0.024185 
1038 46.402954 0.000000 -2.243521 100.725735 -0.024792 3.054091 -0.015500 
1039 46.150889 0.000000 -2.243521 101.435116 -0.016982 3.138379 -0.029893 
1040 46.402954 0.000000 -2.476676 100.725995 -0.024742 3.053387 -0.015505 
1 11 62 60 61 
2 62 10 24 60 
3 60 24 14 63 
4 61 60 63 6 
5 24 66 64 65 
6 66 23 40 64 
7 64 40 27 67 
8 65 64 67 14 
9 40 70 68 69 
10 69 68 71 27 
11 6 63 92 93 
12 63 14 36 92 
13 92 36 19 94 
14 93 92 94 20 
15 14 67 95 96 
16 67 27 52 95 
17 95 52 35 97 
18 96 95 97 36 
19 27 71 98 99 
20 99 98 100 52 
21 68 112 110 111 
22 112 56 80 110 
23 110 80 43 113 
24 111 110 113 71 
25 80 116 114 115 
26 116 79 106 114 
27 114 106 83 117 
28 115 114 117 43 
29 124 126 103 127 
30 125 124 127 101 
31 106 130 128 129 
32 130 105 131 128 
33 128 131 109 132 
34 129 128 132 83 
35 138 108 139 137 
36 137 139 59 140 
37 12 143 141 142 
38 143 7 144 141 
39 141 144 13 25 
40 142 141 25 10 
41 25 147 145 146 
42 147 13 148 145 
43 145 148 26 41 
44 146 145 41 23 
45 41 151 149 150 
46 151 26 152 149 
47 149 152 42 57 
48 150 149 57 39 
49 39 155 153 154 
50 155 57 156 153 
51 153 156 55 81 
52 154 153 81 56 
53 81 159 157 158 
54 159 55 160 157 
55 157 160 82 107 
56 158 157 107 79 
57 107 163 161 162 
58 163 82 164 161 
59 161 164 108 138 
60 162 161 138 105 
61 105 167 165 166 
62 167 138 168 165 
63 165 168 137 169 
64 166 165 169 131 
65 170 171 121 172 
66 126 170 172 103 
67 109 140 173 174 
68 140 59 175 173 
69 173 175 126 176 
70 174 173 176 124 
71 131 169 177 178 
72 169 137 179 177 
73 177 179 140 180 
74 178 177 180 109 
75 108 182 181 139 
76 181 183 136 184 
77 139 181 184 59 
78 57 186 185 156 
79 186 42 187 185 
80 185 187 58 89 
81 156 185 89 55 
82 55 189 188 160 
83 189 89 190 188 
84 188 190 88 134 
85 160 188 134 82 
86 82 192 191 164 
87 192 134 193 191 
88 191 193 133 182 
89 164 191 182 108 
90 133 203 202 183 
91 203 135 204 202 
92 202 204 91 205 
93 183 202 205 136 
94 182 208 206 207 
95 208 133 209 206 
96 206 209 183 210 
97 207 206 210 181 
98 214 215 122 216 
99 171 214 216 121 
100 136 205 217 218 
101 205 91 219 217 
102 217 219 171 220 
103 218 217 220 170 
104 89 226 225 190 
105 226 58 227 225 
106 225 227 90 199 
107 190 225 199 88 
108 88 230 228 229 
109 230 199 231 228 
110 135 234 232 233 
111 234 222 235 232 
112 232 235 221 236 
113 233 232 236 204 
114 237 238 214 239 
115 219 237 239 171 
116 91 242 240 241 
117 242 224 243 240 
118 240 243 237 244 
119 241 240 244 219 
120 199 250 249 231 
121 250 90 251 249 
122 228 255 253 254 
123 255 231 256 253 
124 253 256 198 257 
125 254 253 257 222 
126 261 263 215 264 
127 238 261 264 214 
128 224 266 265 243 
129 266 201 267 265 
130 265 267 238 268 
131 243 265 268 237 
132 231 272 271 256 
133 272 249 273 271 
134 256 271 274 198 
135 201 276 275 267 
136 275 277 261 278 
137 267 275 278 238 
138 7 280 279 144 
139 280 16 281 279 
140 279 281 15 32 
141 144 279 32 13 
142 13 283 282 148 
143 283 32 284 282 
144 282 284 31 48 
145 148 282 48 26 
146 26 286 285 152 
147 286 48 287 285 
148 285 287 47 85 
149 152 285 85 42 
150 42 289 288 187 
151 289 85 290 288 
152 288 290 84 195 
153 187 288 195 58 
154 58 292 291 227 
155 292 195 293 291 
156 291 293 194 246 
157 227 291 246 90 
158 90 295 294 251 
159 295 246 296 294 
160 249 299 298 273 
161 299 251 300 298 
162 298 300 200 301 
163 273 298 301 252 
164 198 274 302 303 
165 274 252 304 302 
166 302 304 269 305 
167 303 302 305 223 
168 271 308 306 307 
169 308 273 309 306 
170 306 309 252 310 
171 307 306 310 274 
172 223 305 311 312 
173 305 269 313 311 
174 311 313 262 276 
175 312 311 276 201 
176 314 316 258 317 
177 263 314 317 215 
178 262 319 318 277 
179 319 5 320 318 
180 318 320 263 321 
181 277 318 321 261 
182 276 324 322 323 
183 324 262 325 322 
184 322 325 277 326 
185 323 322 326 275 
186 251 330 329 300 
187 330 294 331 329 
188 329 331 297 332 
189 300 329 332 200 
190 5 334 333 320 
191 334 315 335 333 
192 333 335 314 336 
193 320 333 336 263 
194 15 338 337 33 
195 338 17 339 337 
196 337 339 8 340 
197 33 337 340 18 
198 31 342 341 49 
199 342 33 343 341 
200 341 343 18 344 
201 49 341 344 34 
202 346 49 347 345 
203 345 347 34 348 
204 246 358 357 296 
205 358 194 359 357 
206 294 362 361 331 
207 362 296 363 361 
208 361 363 245 364 
209 331 361 364 297 
210 18 340 365 45 
211 340 8 366 365 
212 365 366 29 367 
213 45 365 367 28 
214 34 344 368 73 
215 344 18 369 368 
216 368 369 45 370 
217 73 368 370 44 
218 348 34 372 371 
219 371 372 73 373 
220 380 382 259 383 
221 316 380 383 258 
222 315 385 384 335 
223 385 248 386 384 
224 384 386 316 387 
225 335 384 387 314 
226 296 391 390 363 
227 391 357 392 390 
228 390 392 360 393 
229 363 390 393 245 
230 248 395 394 386 
231 395 381 396 394 
232 394 396 380 397 
233 386 394 397 316 
234 195 399 398 293 
235 399 84 400 398 
236 398 400 196 354 
237 293 398 354 194 
238 194 402 401 359 
239 402 354 403 401 
240 357 406 405 392 
241 406 359 407 405 
242 405 407 247 408 
243 392 405 408 360 
244 409 411 377 412 
245 382 409 412 259 
246 381 414 413 396 
247 414 197 415 413 
248 413 415 382 416 
249 396 413 416 380 
250 354 422 421 403 
251 422 196 423 421 
252 421 423 355 424 
253 403 421 424 353 
254 401 429 427 428 
255 429 403 430 427 
256 427 430 353 431 
257 428 427 431 404 
258 356 436 435 411 
259 436 87 437 435 
260 435 437 378 438 
261 411 435 438 377 
262 410 441 439 440 
263 441 356 442 439 
264 439 442 411 443 
265 440 439 443 409 
266 85 445 444 290 
267 445 47 446 444 
268 444 446 86 350 
269 290 444 350 84 
270 84 448 447 400 
271 448 350 449 447 
272 447 449 349 418 
273 400 447 418 196 
274 196 451 450 423 
275 451 418 452 450 
276 423 450 453 355 
277 87 455 454 437 
278 437 454 457 378 
279 86 459 458 351 
280 459 345 460 458 
281 458 460 348 461 
282 351 458 461 50 
283 463 351 464 462 
284 462 464 50 465 
285 418 467 466 452 
286 467 349 468 466 
287 355 453 470 471 
288 471 470 455 87 
289 450 475 473 474 
290 475 452 476 473 
291 473 476 417 477 
292 474 473 477 453 
293 50 461 478 375 
294 461 348 479 478 
295 478 479 371 480 
296 375 478 480 119 
297 465 50 482 481 
298 481 482 375 483 
299 455 490 488 489 
300 490 420 491 488 
301 488 491 456 492 
302 489 488 492 454 
303 496 462 497 495 
304 495 497 465 498 
305 417 506 504 505 
306 506 469 500 504 
307 504 500 493 507 
308 505 504 507 472 
309 350 509 508 449 
310 509 86 510 508 
311 508 510 351 463 
312 449 508 463 349 
313 349 512 511 468 
314 512 463 513 511 
315 511 513 462 496 
316 466 516 514 515 
317 516 468 517 514 
318 469 520 518 519 
319 519 518 522 500 
320 498 465 524 523 
321 523 524 481 525 
322 420 532 531 491 
323 532 485 527 531 
324 531 527 484 533 
325 491 531 533 456 
326 485 539 537 538 
327 538 537 541 527 
328 543 496 544 542 
329 542 544 495 545 
330 468 551 550 517 
331 551 511 552 550 
332 550 552 496 543 
333 514 555 553 554 
334 555 517 556 553 
335 501 559 557 558 
336 558 557 561 521 
337 452 563 562 476 
338 563 466 515 562 
339 562 515 469 506 
340 476 562 506 417 
341 515 566 564 565 
342 566 514 554 564 
343 565 564 520 469 
344 554 569 567 568 
345 569 553 570 567 
346 567 570 547 559 
347 568 567 559 501 
348 419 572 571 548 
349 572 543 573 571 
350 571 573 542 574 
351 548 571 574 502 
352 547 576 575 560 
353 576 419 577 575 
354 575 577 548 578 
355 560 575 578 546 
356 559 581 579 580 
357 581 547 582 579 
358 579 582 560 583 
359 580 579 583 557 
360 585 498 586 584 
361 584 586 523 587 
362 545 495 593 592 
363 592 593 498 585 
364 472 507 603 604 
365 507 493 535 603 
366 603 535 485 532 
367 604 603 532 420 
368 535 607 605 606 
369 606 605 539 485 
370 595 610 608 609 
371 610 594 611 608 
372 608 611 589 600 
373 609 608 600 528 
374 352 613 612 590 
375 613 585 614 612 
376 612 614 584 615 
377 590 612 615 529 
378 589 617 616 601 
379 617 352 618 616 
380 616 618 590 619 
381 601 616 619 588 
382 600 622 620 621 
383 622 589 623 620 
384 620 623 601 624 
385 539 627 625 626 
386 627 528 599 625 
387 625 599 540 628 
388 626 625 628 537 
389 528 631 629 630 
390 631 600 621 629 
391 629 621 598 632 
392 630 629 632 599 
393 21 46 633 634 
394 46 28 635 633 
395 633 635 30 636 
396 634 633 636 9 
397 37 74 637 638 
398 74 44 639 637 
399 637 639 46 640 
400 638 637 640 21 
401 53 120 641 642 
402 120 72 643 641 
403 641 643 74 644 
404 642 641 644 37 
405 118 376 645 646 
406 376 119 647 645 
407 645 647 72 648 
408 646 645 648 120 
409 212 434 649 650 
410 434 374 651 649 
411 649 651 376 652 
412 650 649 652 118 
413 432 487 653 654 
414 487 433 655 653 
415 653 655 374 656 
416 654 653 656 434 
417 484 530 657 658 
418 530 486 659 657 
419 657 659 433 660 
420 658 657 660 487 
421 526 591 661 662 
422 591 529 663 661 
423 661 663 486 664 
424 662 661 664 530 
425 540 602 665 666 
426 602 588 667 665 
427 665 667 591 668 
428 666 665 668 526 
429 598 624 669 670 
430 624 601 671 669 
431 669 671 588 672 
432 670 669 672 602 
433 621 675 673 674 
434 675 620 676 673 
435 673 676 624 677 
436 674 673 677 598 
437 521 561 682 683 
438 561 546 684 682 
439 682 684 549 685 
440 683 682 685 499 
441 557 583 686 687 
442 583 560 688 686 
443 686 688 546 689 
444 687 686 689 561 
445 534 695 693 694 
446 695 596 696 693 
447 693 696 594 610 
448 694 693 610 595 
449 500 522 697 698 
450 698 697 699 493 
451 499 685 700 701 
452 685 549 702 700 
453 700 702 678 703 
454 701 700 703 679 
455 493 699 704 705 
456 705 704 607 535 
457 691 708 706 707 
458 708 690 709 706 
459 706 709 596 695 
460 707 706 695 534 
461 679 703 710 711 
462 703 678 712 710 
463 494 718 717 692 
464 718 545 719 717 
465 717 719 592 720 
466 692 717 720 536 
467 681 722 721 716 
468 722 494 723 721 
469 721 723 692 724 
470 716 721 724 690 
471 727 681 728 725 
472 725 728 716 729 
473 699 732 730 731 
474 732 503 715 730 
475 730 715 691 733 
476 731 730 733 704 
477 503 736 734 735 
478 735 734 737 715 
479 729 716 740 738 
480 738 740 690 741 
481 739 738 741 708 
482 744 725 745 742 
483 742 745 729 746 
484 715 737 747 748 
485 747 739 708 749 
486 748 747 749 691 
487 734 752 750 751 
488 752 726 743 750 
489 750 743 714 753 
490 751 750 753 737 
491 714 746 754 755 
492 746 729 756 754 
493 754 756 738 757 
494 755 754 757 739 
495 743 760 758 759 
496 760 742 761 758 
497 758 761 746 762 
498 759 758 762 714 
499 502 574 763 680 
500 574 542 764 763 
501 763 764 545 718 
502 680 763 718 494 
503 678 766 765 712 
504 766 680 767 765 
505 765 767 494 722 
506 712 765 722 681 
507 710 770 768 769 
508 770 712 771 768 
509 768 771 681 727 
510 769 768 727 713 
511 713 774 772 773 
512 774 727 775 772 
513 772 775 725 744 
514 697 778 776 777 
515 778 679 711 776 
516 776 711 503 732 
517 777 776 732 699 
518 711 781 779 780 
519 781 710 769 779 
520 779 769 713 736 
521 780 779 736 503 
522 736 784 782 783 
523 784 713 773 782 
524 782 773 726 752 
525 783 782 752 734 
526 773 787 785 786 
527 787 772 788 785 
528 785 788 744 789 
529 786 785 789 726 
530 1 792 790 791 
531 792 12 142 790 
532 790 142 10 62 
533 791 790 62 11 
534 16 794 793 281 
535 794 2 795 793 
536 793 795 17 338 
537 281 793 338 15 
538 19 38 796 797 
539 38 21 634 796 
540 796 634 9 798 
541 797 796 798 22 
542 20 94 799 800 
543 94 19 797 799 
544 799 797 22 801 
545 800 799 801 4 
546 10 804 802 803 
547 804 25 146 802 
548 802 146 23 66 
549 803 802 66 24 
550 28 367 805 635 
551 367 29 806 805 
552 805 806 3 807 
553 635 805 807 30 
554 32 809 808 284 
555 809 15 810 808 
556 808 810 33 342 
557 284 808 342 31 
558 35 54 811 812 
559 54 37 638 811 
560 811 638 21 813 
561 812 811 813 38 
562 36 97 814 815 
563 97 35 812 814 
564 814 812 38 816 
565 815 814 816 19 
566 23 819 817 818 
567 819 41 150 817 
568 817 150 39 70 
569 818 817 70 40 
570 44 370 820 639 
571 370 45 821 820 
572 820 821 28 822 
573 639 820 822 46 
574 48 824 823 287 
575 824 31 825 823 
576 823 825 49 346 
577 287 823 346 47 
578 51 78 826 827 
579 78 53 642 826 
580 826 642 37 828 
581 827 826 828 54 
582 52 100 829 830 
583 100 51 827 829 
584 829 827 54 831 
585 830 829 831 35 
586 70 834 832 833 
587 834 39 154 832 
588 832 154 56 112 
589 833 832 112 68 
590 72 373 835 643 
591 373 73 836 835 
592 835 836 44 837 
593 643 835 837 74 
594 56 840 838 839 
595 840 81 158 838 
596 838 158 79 116 
597 839 838 116 80 
598 71 113 841 842 
599 113 43 102 841 
600 841 102 76 843 
601 842 841 843 98 
602 43 117 844 845 
603 117 83 125 844 
604 844 125 101 846 
605 845 844 846 102 
606 79 849 847 848 
607 849 107 162 847 
608 847 162 105 130 
609 848 847 130 106 
610 77 213 850 851 
611 213 118 646 850 
612 850 646 120 852 
613 851 850 852 53 
614 83 132 853 854 
615 132 109 174 853 
616 853 174 124 855 
617 854 853 855 125 
618 134 857 856 193 
619 857 88 229 856 
620 856 229 135 203 
621 193 856 203 133 
622 59 184 858 175 
623 184 136 218 858 
624 858 218 170 859 
625 175 858 859 126 
626 211 379 860 861 
627 379 212 650 860 
628 860 650 118 862 
629 861 860 862 213 
630 122 260 863 864 
631 260 211 861 863 
632 863 861 213 865 
633 864 863 865 77 
634 222 257 866 235 
635 257 198 303 866 
636 866 303 223 867 
637 235 866 867 221 
638 221 867 868 869 
639 867 223 312 868 
640 868 312 201 266 
641 869 868 266 224 
642 204 236 870 871 
643 236 221 869 870 
644 870 869 224 242 
645 871 870 242 91 
646 229 874 872 873 
647 874 228 254 872 
648 872 254 222 234 
649 873 872 234 135 
650 252 301 875 304 
651 301 200 876 875 
652 875 876 270 877 
653 304 875 877 269 
654 269 877 878 313 
655 877 270 879 878 
656 878 879 5 319 
657 313 878 319 262 
658 200 332 880 876 
659 332 297 881 880 
660 880 881 327 882 
661 876 880 882 270 
662 297 364 883 881 
663 364 245 884 883 
664 883 884 328 885 
665 881 883 885 327 
666 327 885 886 887 
667 885 328 888 886 
668 886 888 248 385 
669 887 886 385 315 
670 270 882 889 879 
671 882 327 887 889 
672 889 887 315 334 
673 879 889 334 5 
674 47 891 890 446 
675 891 346 892 890 
676 890 892 345 459 
677 446 890 459 86 
678 353 424 893 426 
679 424 355 471 893 
680 893 471 87 436 
681 426 893 436 356 
682 119 480 894 647 
683 480 371 895 894 
684 894 895 373 896 
685 647 894 896 72 
686 374 483 897 651 
687 483 375 898 897 
688 897 898 119 899 
689 651 897 899 376 
690 245 393 900 884 
691 393 360 901 900 
692 900 901 388 902 
693 884 900 902 328 
694 360 408 903 901 
695 408 247 904 903 
696 903 904 389 905 
697 901 903 905 388 
698 388 905 906 907 
699 905 389 908 906 
700 906 908 197 414 
701 907 906 414 381 
702 328 902 909 888 
703 902 388 907 909 
704 909 907 381 395 
705 888 909 395 248 
706 359 911 910 407 
707 911 401 428 910 
708 910 428 404 912 
709 407 910 912 247 
710 197 914 913 415 
711 914 410 440 913 
712 913 440 409 915 
713 415 913 915 382 
714 247 912 916 904 
715 912 404 917 916 
716 916 917 425 918 
717 904 916 918 389 
718 404 431 919 917 
719 431 353 920 919 
720 919 920 426 921 
721 917 919 921 425 
722 425 921 922 923 
723 921 426 924 922 
724 922 924 356 441 
725 923 922 441 410 
726 389 918 925 908 
727 918 425 923 925 
728 925 923 410 914 
729 908 925 914 197 
730 378 457 926 927 
731 457 432 654 926 
732 926 654 434 928 
733 927 926 928 212 
734 453 477 929 930 
735 477 417 505 929 
736 929 505 472 931 
737 930 929 931 470 
738 470 931 932 933 
739 931 472 604 932 
740 932 604 420 490 
741 933 932 490 455 
742 433 525 934 655 
743 525 481 935 934 
744 934 935 483 936 
745 655 934 936 374 
746 456 533 937 938 
747 533 484 658 937 
748 937 658 487 939 
749 938 937 939 432 
750 486 587 940 659 
751 587 523 941 940 
752 940 941 525 942 
753 659 940 942 433 
754 527 541 943 944 
755 541 526 662 943 
756 943 662 530 945 
757 944 943 945 484 
758 537 628 946 947 
759 628 540 666 946 
760 946 666 526 948 
761 947 946 948 541 
762 546 578 949 684 
763 578 548 950 949 
764 949 950 502 951 
765 684 949 951 549 
766 517 953 952 556 
767 953 550 954 952 
768 952 954 543 572 
769 556 952 572 419 
770 553 956 955 570 
771 956 556 957 955 
772 955 957 419 576 
773 570 955 576 547 
774 529 615 958 663 
775 615 584 959 958 
776 958 959 587 960 
777 663 958 960 486 
778 588 619 961 667 
779 619 590 962 961 
780 961 962 529 963 
781 667 961 963 591 
782 536 720 964 597 
783 720 592 965 964 
784 964 965 585 613 
785 597 964 613 352 
786 594 967 966 611 
787 967 597 968 966 
788 966 968 352 617 
789 611 966 617 589 
790 599 632 969 970 
791 632 598 670 969 
792 969 670 602 971 
793 970 969 971 540 
794 605 974 972 973 
795 974 595 609 972 
796 972 609 528 627 
797 973 972 627 539 
798 549 951 975 702 
799 951 502 976 975 
800 975 976 680 766 
801 702 975 766 678 
802 690 724 977 709 
803 724 692 978 977 
804 977 978 536 979 
805 709 977 979 596 
806 522 982 980 981 
807 982 499 701 980 
808 980 701 679 778 
809 981 980 778 697 
810 704 733 983 984 
811 733 691 707 983 
812 983 707 534 985 
813 984 983 985 607 
814 726 789 986 987 
815 789 744 988 986 
816 986 988 742 760 
817 987 986 760 743 
818 737 753 989 990 
819 753 714 755 989 
820 989 755 739 991 
821 990 989 991 747 
822 75 123 992 993 
823 123 77 851 992 
824 992 851 53 994 
825 993 992 994 78 
826 76 104 995 996 
827 104 75 993 995 
828 995 993 78 997 
829 996 995 997 51 
830 98 843 998 999 
831 843 76 996 998 
832 998 996 51 1000 
833 999 998 1000 100 
834 121 216 1001 1002 
835 216 122 864 1001 
836 1001 864 77 1003 
837 1002 1001 1003 123 
838 103 172 1004 1005 
839 172 121 1002 1004 
840 1004 1002 123 1006 
841 1005 1004 1006 75 
842 377 438 1007 1008 
843 438 378 927 1007 
844 1007 927 212 1009 
845 1008 1007 1009 379 
846 259 412 1010 1011 
847 412 377 1008 1010 
848 1010 1008 379 1012 
849 1011 1010 1012 211 
850 454 492 1013 1014 
851 492 456 938 1013 
852 1013 938 432 1015 
853 1014 1013 1015 457 
854 518 1018 1016 1017 
855 1018 521 683 1016 
856 1016 683 499 982 
857 1017 1016 982 522 
858 596 979 1019 696 
859 979 536 1020 1019 
860 1019 1020 597 967 
861 696 1019 967 594 
862 607 985 1021 1022 
863 985 534 694 1021 
864 1021 694 595 974 
865 1022 1021 974 605 
866 101 127 1023 1024 
867 127 103 1005 1023 
868 1023 1005 75 1025 
869 1024 1023 1025 104 
870 102 846 1026 1027 
871 846 101 1024 1026 
872 1026 1024 104 1028 
873 1027 1026 1028 76 
874 258 383 1029 1030 
875 383 259 1011 1029 
876 1029 1011 211 1031 
877 1030 1029 1031 260 
878 215 317 1032 1033 
879 317 258 1030 1032 
880 1032 1030 260 1034 
881 1033 1032 1034 122 
882 520 1037 1035 1036 
883 1037 501 558 1035 
884 1035 558 521 1018 
885 1036 1035 1018 518 
886 564 1040 1038 1039 
887 1040 554 568 1038 
888 1038 568 501 1037 
889 1039 1038 1037 520 
