2 0.000000 100.000000 178.105148
25 16 
1 -213.943881 0.000000 -224.819368 99.984770 0.000000 1.745241 0.000609 
2 279.589215 0.000000 -224.819368 99.987296 0.000127 1.743366 0.000558 
3 279.589215 0.000000 233.731852 99.982124 -0.000132 1.743593 0.000662 
4 -213.943881 0.000000 233.731852 99.984770 0.000000 1.745241 0.000609 
5 32.822667 0.000000 4.456242 100.500022 0.000000 1.466414 -0.009776 
6 -213.943881 0.000000 4.456242 99.984770 0.000000 1.745241 0.000609 
7 32.822667 0.000000 -224.819368 99.984770 0.000000 1.745241 0.000609 
8 279.589215 0.000000 4.456242 99.876158 -0.000039 7.967817 0.008852 
9 32.822667 0.000000 233.731852 99.984770 0.000000 1.745241 0.000609 
10 -90.560607 0.000000 -110.181563 99.984770 0.000000 1.745241 0.000609 
11 -213.943881 0.000000 -110.181563 99.984770 0.000000 1.745241 0.000609 
12 -90.560607 0.000000 -224.819368 99.984770 0.000000 1.745241 0.000609 
13 32.822667 0.000000 -110.181563 99.984770 0.000000 1.745241 0.000609 
14 -90.560607 0.000000 4.456242 99.984770 0.000000 1.745241 0.000609 
15 156.205941 0.000000 -110.181563 99.996051 0.000342 1.738661 0.000381 
16 156.205941 0.000000 -224.819368 99.984770 0.000000 1.745241 0.000609 
17 279.589215 0.000000 -110.181563 99.985712 0.000190 1.731977 0.000586 
18 156.205941 0.000000 4.456242 99.958807 -0.002352 3.228621 0.001867 
19 156.205941 0.000000 119.094047 99.971433 -0.000025 1.741431 0.000875 
20 32.822667 0.000000 119.094047 99.984770 0.000000 1.745241 0.000609 
21 279.589215 0.000000 119.094047 99.984270 -0.000200 1.732553 0.000615 
22 156.205941 0.000000 233.731852 99.984770 0.000000 1.745241 0.000609 
23 -90.560607 0.000000 119.094047 99.984770 0.000000 1.745241 0.000609 
24 -213.943881 0.000000 119.094047 99.984770 0.000000 1.745241 0.000609 
25 -90.560607 0.000000 233.731852 99.984770 0.000000 1.745241 0.000609 
1 1 12 10 11 
2 12 7 13 10 
3 10 13 5 14 
4 11 10 14 6 
5 7 16 15 13 
6 16 2 17 15 
7 15 17 8 18 
8 13 15 18 5 
9 5 18 19 20 
10 18 8 21 19 
11 19 21 3 22 
12 20 19 22 9 
13 6 14 23 24 
14 14 5 20 23 
15 23 20 9 25 
16 24 23 25 4 
