2 0.000000 100.000000 5791.461216
62 43 
1 -144.530000 0.000000 -163.870000 99.614269 0.000000 8.716945 0.000101 
2 207.520000 0.000000 -163.870000 99.615968 0.000001 8.685264 0.000123 
3 207.520000 0.000000 167.670000 99.628309 0.000004 8.672464 -0.000101 
4 -144.530000 0.000000 167.670000 99.625456 0.000000 8.716638 -0.000121 
5 31.495000 0.000000 1.900000 99.788279 0.000002 0.000000 0.004230 
6 -144.530000 0.000000 1.900000 99.620099 0.000000 8.723277 -0.000026 
7 31.495000 0.000000 -163.870000 99.603517 0.000000 8.699703 0.000345 
8 207.520000 0.000000 1.900000 99.846270 -0.000890 6.109057 -0.000660 
9 31.495000 0.000000 167.670000 99.638305 0.000002 8.696939 -0.000343 
10 119.507500 0.000000 -80.985000 99.602591 -0.000001 8.592203 0.000550 
11 31.495000 0.000000 -80.985000 99.546900 -0.000000 8.651085 0.001557 
12 119.507500 0.000000 -163.870000 99.609385 0.000000 8.687103 0.000250 
13 207.520000 0.000000 -80.985000 99.622094 -0.000000 8.611935 0.000127 
14 119.507500 0.000000 1.900000 100.041947 -0.002057 3.810095 -0.002291 
15 -56.517500 0.000000 -80.985000 99.598624 0.000000 8.720961 0.000406 
16 -144.530000 0.000000 -80.985000 99.614641 0.000000 8.720476 0.000088 
17 -56.517500 0.000000 -163.870000 99.608282 0.000000 8.713164 0.000227 
18 -56.517500 0.000000 1.900000 99.621827 0.000001 8.754269 -0.000115 
19 119.507500 0.000000 84.785000 99.657012 0.000019 8.544789 -0.000453 
20 31.495000 0.000000 84.785000 99.702833 0.000007 8.641067 -0.001532 
21 207.520000 0.000000 84.785000 99.641719 0.000027 8.510977 -0.000091 
22 119.507500 0.000000 167.670000 99.633937 0.000003 8.680167 -0.000227 
23 75.501250 0.000000 -39.542500 99.566566 0.000961 8.261239 0.001825 
24 31.495000 0.000000 -39.542500 99.385274 0.001251 8.463392 0.005094 
25 75.501250 0.000000 -80.985000 99.572609 -0.000001 8.598568 0.001136 
26 119.507500 0.000000 -39.542500 99.625311 -0.000025 8.306823 0.000579 
27 75.501250 0.000000 1.900000 100.159618 0.000634 2.285836 -0.003717 
28 -56.517500 0.000000 84.785000 99.643310 0.000001 8.719806 -0.000482 
29 -144.530000 0.000000 84.785000 99.625386 0.000000 8.720236 -0.000126 
30 -56.517500 0.000000 167.670000 99.632176 0.000001 8.712275 -0.000247 
31 -12.511250 0.000000 -39.542500 99.527933 -0.000002 8.736609 0.001786 
32 -56.517500 0.000000 -39.542500 99.596814 0.000001 8.740724 0.000407 
33 -12.511250 0.000000 -80.985000 99.568350 0.000000 8.708235 0.001031 
34 -12.511250 0.000000 1.900000 99.627712 0.000003 8.848002 -0.000397 
35 75.501250 0.000000 43.342500 99.745096 0.000101 8.108516 -0.001483 
36 31.495000 0.000000 43.342500 99.891359 0.000050 8.431085 -0.004937 
37 119.507500 0.000000 43.342500 99.704282 0.000138 7.972872 -0.000451 
38 75.501250 0.000000 84.785000 99.683023 0.000013 8.573291 -0.001021 
39 53.498125 0.000000 -18.821250 99.404359 -0.000267 7.158861 0.006752 
40 31.495000 0.000000 -18.821250 98.872044 -0.000090 7.802201 0.016344 
41 53.498125 0.000000 -39.542500 99.468166 0.001532 8.289899 0.003736 
42 75.501250 0.000000 -18.821250 99.635180 -0.000090 7.305818 0.001946 
43 53.498125 0.000000 1.900000 100.028058 -0.002032 2.427395 -0.001150 
44 -12.511250 0.000000 43.342500 99.721881 0.000005 8.732525 -0.002071 
45 -56.517500 0.000000 43.342500 99.646225 0.000002 8.739832 -0.000575 
46 -12.511250 0.000000 84.785000 99.676301 0.000003 8.704956 -0.001114 
47 9.491875 0.000000 -18.821250 99.255975 0.000530 8.761078 0.007149 
48 -12.511250 0.000000 -18.821250 99.529286 -0.000003 8.798177 0.001651 
49 9.491875 0.000000 -39.542500 99.433505 -0.000010 8.667090 0.003786 
50 9.491875 0.000000 1.900000 99.640766 -0.000117 9.348747 -0.001568 
51 53.498125 0.000000 22.621250 100.055731 0.000329 6.845548 -0.005801 
52 31.495000 0.000000 22.621250 100.463245 0.000099 7.739031 -0.015276 
53 75.501250 0.000000 22.621250 99.885069 0.000581 6.555065 -0.002000 
54 53.498125 0.000000 43.342500 99.828871 -0.001219 8.209130 -0.003319 
55 42.496562 0.000000 -8.460625 98.747690 -0.000806 5.013636 0.022376 
56 31.495000 0.000000 -8.460625 97.676273 -0.000322 6.236004 0.042046 
57 42.496562 0.000000 -18.821250 99.134531 -0.000176 7.297509 0.011909 
58 53.498125 0.000000 -8.460625 99.564024 -0.001005 5.152182 0.006046 
59 42.496562 0.000000 1.900000 101.249223 0.000646 1.637720 -0.025409 
60 9.491875 0.000000 22.621250 100.018430 -0.000783 8.748518 -0.008022 
61 -12.511250 0.000000 22.621250 99.724184 0.000006 8.795118 -0.002227 
62 9.491875 0.000000 43.342500 99.825617 0.000016 8.655986 -0.004008 
1 7 12 10 11 
2 12 2 13 10 
3 10 13 8 14 
4 1 17 15 16 
5 17 7 11 15 
6 16 15 18 6 
7 14 8 21 19 
8 19 21 3 22 
9 20 19 22 9 
10 11 25 23 24 
11 25 10 26 23 
12 23 26 14 27 
13 6 18 28 29 
14 28 20 9 30 
15 29 28 30 4 
16 15 33 31 32 
17 33 11 24 31 
18 32 31 34 18 
19 27 14 37 35 
20 35 37 19 38 
21 36 35 38 20 
22 24 41 39 40 
23 41 23 42 39 
24 39 42 27 43 
25 18 34 44 45 
26 44 36 20 46 
27 45 44 46 28 
28 31 49 47 48 
29 49 24 40 47 
30 47 40 5 50 
31 48 47 50 34 
32 5 43 51 52 
33 43 27 53 51 
34 51 53 35 54 
35 52 51 54 36 
36 40 57 55 56 
37 57 39 58 55 
38 55 58 43 59 
39 56 55 59 5 
40 34 50 60 61 
41 50 5 52 60 
42 60 52 36 62 
43 61 60 62 44 
