2 0.000000 100.000000 211.018442
25 16 
1 -213.943881 0.000000 -224.819368 99.984498 -0.000008 1.745353 0.000005 
2 279.589215 0.000000 -224.819368 99.984541 -0.000154 1.742147 0.000006 
3 279.589215 0.000000 233.731852 99.985096 0.000153 1.742203 -0.000005 
4 -213.943881 0.000000 233.731852 99.985049 0.000009 1.745347 -0.000006 
5 32.822667 0.000000 4.456242 100.352306 0.000327 1.749470 -0.007365 
6 -213.943881 0.000000 4.456242 99.984780 0.000000 1.745457 -0.000000 
7 32.822667 0.000000 -224.819368 99.982318 -0.000064 1.743730 0.000050 
8 279.589215 0.000000 4.456242 99.905910 -0.000715 6.269301 -0.002050 
9 32.822667 0.000000 233.731852 99.987069 0.000064 1.743831 -0.000045 
10 -90.560607 0.000000 -110.181563 99.983682 -0.000013 1.745705 0.000022 
11 -213.943881 0.000000 -110.181563 99.984593 -0.000004 1.745425 0.000003 
12 -90.560607 0.000000 -224.819368 99.983778 -0.000020 1.745290 0.000020 
13 32.822667 0.000000 -110.181563 99.975634 -0.000091 1.739240 0.000185 
14 -90.560607 0.000000 4.456242 99.984842 0.000001 1.746197 -0.000002 
15 156.205941 0.000000 -110.181563 99.983853 -0.000307 1.732533 0.000023 
16 156.205941 0.000000 -224.819368 99.983805 -0.000130 1.742168 0.000020 
17 279.589215 0.000000 -110.181563 99.984790 -0.000328 1.733238 0.000004 
18 156.205941 0.000000 4.456242 99.954997 -0.003537 3.455058 -0.000294 
19 156.205941 0.000000 119.094047 99.986072 0.000292 1.733827 -0.000022 
20 32.822667 0.000000 119.094047 99.992677 0.000094 1.740092 -0.000156 
21 279.589215 0.000000 119.094047 99.985156 0.000324 1.733646 -0.000004 
22 156.205941 0.000000 233.731852 99.985786 0.000128 1.742339 -0.000019 
23 -90.560607 0.000000 119.094047 99.985893 0.000015 1.745659 -0.000023 
24 -213.943881 0.000000 119.094047 99.984963 0.000005 1.745419 -0.000004 
25 -90.560607 0.000000 233.731852 99.985745 0.000021 1.745271 -0.000020 
1 1 12 10 11 
2 12 7 13 10 
3 10 13 5 14 
4 11 10 14 6 
5 7 16 15 13 
6 16 2 17 15 
7 15 17 8 18 
8 13 15 18 5 
9 5 18 19 20 
10 18 8 21 19 
11 19 21 3 22 
12 20 19 22 9 
13 6 14 23 24 
14 14 5 20 23 
15 23 20 9 25 
16 24 23 25 4 
