2 0.000000 100.000000 178.105148
25 16 
1 -180.237465 0.000000 -220.469468 99.619470 0.000000 8.715574 0.015276 
2 287.513550 0.000000 -220.469468 99.634827 0.000000 8.709372 0.014955 
3 287.513550 0.000000 227.666535 99.607269 0.000000 8.704952 0.015503 
4 -180.237465 0.000000 227.666535 99.619470 0.000000 8.715574 0.015276 
5 53.638043 0.000000 3.598533 99.126812 -0.000000 12.438765 0.033250 
6 -180.237465 0.000000 3.598533 99.619470 0.000000 8.715574 0.015276 
7 53.638043 0.000000 -220.469468 99.619470 0.000000 8.715574 0.015276 
8 287.513550 0.000000 3.598533 99.706064 -0.000000 7.732712 0.011900 
9 53.638043 0.000000 227.666535 99.619470 0.000000 8.715574 0.015276 
10 -63.299711 0.000000 -108.435467 99.619470 0.000000 8.715574 0.015276 
11 -180.237465 0.000000 -108.435467 99.619470 0.000000 8.715574 0.015276 
12 -63.299711 0.000000 -220.469468 99.619470 0.000000 8.715574 0.015276 
13 53.638043 0.000000 -108.435467 99.619470 0.000000 8.715574 0.015276 
14 -63.299711 0.000000 3.598533 99.619470 0.000000 8.715574 0.015276 
15 170.575796 0.000000 -108.435467 99.685726 0.000000 8.692784 0.013901 
16 170.575796 0.000000 -220.469468 99.619470 0.000000 8.715574 0.015276 
17 287.513550 0.000000 -108.435467 99.628401 0.000000 8.665577 0.015008 
18 170.575796 0.000000 3.598533 99.536824 -0.000000 9.687605 0.018752 
19 170.575796 0.000000 115.632534 99.590483 0.000000 8.676698 0.015791 
20 53.638043 0.000000 115.632534 99.619470 0.000000 8.715574 0.015276 
21 287.513550 0.000000 115.632534 99.623828 0.000000 8.628934 0.015036 
22 170.575796 0.000000 227.666535 99.619470 0.000000 8.715574 0.015276 
23 -63.299711 0.000000 115.632534 99.619470 0.000000 8.715574 0.015276 
24 -180.237465 0.000000 115.632534 99.619470 0.000000 8.715574 0.015276 
25 -63.299711 0.000000 227.666535 99.619470 0.000000 8.715574 0.015276 
1 1 12 10 11 
2 12 7 13 10 
3 10 13 5 14 
4 11 10 14 6 
5 7 16 15 13 
6 16 2 17 15 
7 15 17 8 18 
8 13 15 18 5 
9 5 18 19 20 
10 18 8 21 19 
11 19 21 3 22 
12 20 19 22 9 
13 6 14 23 24 
14 14 5 20 23 
15 23 20 9 25 
16 24 23 25 4 
