2 0.000000 100.000000 291.862339
25 16 
1 -180.237465 0.000000 -220.469468 100.000000 0.000000 0.000000 0.000000 
2 287.513550 0.000000 -220.469468 100.000000 0.000000 0.000000 0.000000 
3 287.513550 0.000000 227.666535 100.000000 0.000000 0.000000 0.000000 
4 -180.237465 0.000000 227.666535 100.000000 0.000000 0.000000 0.000000 
5 53.638043 0.000000 3.598533 100.000000 0.000000 0.000000 0.000000 
6 -180.237465 0.000000 3.598533 100.000000 0.000000 0.000000 0.000000 
7 53.638043 0.000000 -220.469468 100.000000 0.000000 0.000000 0.000000 
8 287.513550 0.000000 3.598533 100.000000 0.000000 0.000000 0.000000 
9 53.638043 0.000000 227.666535 100.000000 0.000000 0.000000 0.000000 
10 -63.299711 0.000000 -108.435467 100.000000 0.000000 0.000000 0.000000 
11 -180.237465 0.000000 -108.435467 100.000000 0.000000 0.000000 0.000000 
12 -63.299711 0.000000 -220.469468 100.000000 0.000000 0.000000 0.000000 
13 53.638043 0.000000 -108.435467 100.000000 0.000000 0.000000 0.000000 
14 -63.299711 0.000000 3.598533 100.000000 0.000000 0.000000 0.000000 
15 170.575796 0.000000 -108.435467 100.000000 0.000000 0.000000 0.000000 
16 170.575796 0.000000 -220.469468 100.000000 0.000000 0.000000 0.000000 
17 287.513550 0.000000 -108.435467 100.000000 0.000000 0.000000 0.000000 
18 170.575796 0.000000 3.598533 100.000000 0.000000 0.000000 0.000000 
19 170.575796 0.000000 115.632534 100.000000 0.000000 0.000000 0.000000 
20 53.638043 0.000000 115.632534 100.000000 0.000000 0.000000 0.000000 
21 287.513550 0.000000 115.632534 100.000000 0.000000 0.000000 0.000000 
22 170.575796 0.000000 227.666535 100.000000 0.000000 0.000000 0.000000 
23 -63.299711 0.000000 115.632534 100.000000 0.000000 0.000000 0.000000 
24 -180.237465 0.000000 115.632534 100.000000 0.000000 0.000000 0.000000 
25 -63.299711 0.000000 227.666535 100.000000 0.000000 0.000000 0.000000 
1 1 12 10 11 
2 12 7 13 10 
3 10 13 5 14 
4 11 10 14 6 
5 7 16 15 13 
6 16 2 17 15 
7 15 17 8 18 
8 13 15 18 5 
9 5 18 19 20 
10 18 8 21 19 
11 19 21 3 22 
12 20 19 22 9 
13 6 14 23 24 
14 14 5 20 23 
15 23 20 9 25 
16 24 23 25 4 
