2 0.000000 100.000000 5791.461216
62 43 
1 -144.530000 0.000000 -163.870000 99.614943 -0.000000 8.716765 0.000088 
2 207.520000 0.000000 -163.870000 99.616431 -0.000000 8.689201 0.000106 
3 207.520000 0.000000 167.670000 99.627131 -0.000000 8.678238 -0.000088 
4 -144.530000 0.000000 167.670000 99.624673 -0.000000 8.716496 -0.000105 
5 31.495000 0.000000 1.900000 99.740632 -0.000043 0.000000 0.005181 
6 -144.530000 0.000000 1.900000 99.620017 -0.000000 8.722277 -0.000023 
7 31.495000 0.000000 -163.870000 99.605593 -0.000000 8.701740 0.000301 
8 207.520000 0.000000 1.900000 99.825979 0.000063 6.341940 -0.000545 
9 31.495000 0.000000 167.670000 99.635797 -0.000000 8.699393 -0.000297 
10 119.507500 0.000000 -80.985000 99.604038 -0.000000 8.607142 0.000495 
11 31.495000 0.000000 -80.985000 99.559878 -0.000001 8.659691 0.001284 
12 119.507500 0.000000 -163.870000 99.610712 -0.000000 8.690788 0.000218 
13 207.520000 0.000000 -80.985000 99.621771 -0.000000 8.625256 0.000111 
14 119.507500 0.000000 1.900000 100.027409 -0.000173 3.990779 -0.002141 
15 -56.517500 0.000000 -80.985000 99.598159 -0.000000 8.723209 0.000411 
16 -144.530000 0.000000 -80.985000 99.615265 -0.000000 8.719838 0.000076 
17 -56.517500 0.000000 -163.870000 99.609731 -0.000000 8.713468 0.000198 
18 -56.517500 0.000000 1.900000 99.621519 -0.000000 8.750497 -0.000102 
19 119.507500 0.000000 84.785000 99.652703 -0.000002 8.567159 -0.000406 
20 31.495000 0.000000 84.785000 99.688038 0.000000 8.651399 -0.001255 
21 207.520000 0.000000 84.785000 99.638708 -0.000003 8.538965 -0.000079 
22 119.507500 0.000000 167.670000 99.631996 -0.000000 8.684893 -0.000196 
23 75.501250 0.000000 -39.542500 99.556936 -0.000298 8.297796 0.001956 
24 31.495000 0.000000 -39.542500 99.390630 -0.000008 8.488212 0.004945 
25 75.501250 0.000000 -80.985000 99.577886 -0.000001 8.613320 0.001006 
26 119.507500 0.000000 -39.542500 99.624430 0.000002 8.357347 0.000513 
27 75.501250 0.000000 1.900000 100.167631 0.003286 2.142983 -0.003815 
28 -56.517500 0.000000 84.785000 99.643345 -0.000000 8.722190 -0.000487 
29 -144.530000 0.000000 84.785000 99.624616 -0.000000 8.719625 -0.000110 
30 -56.517500 0.000000 167.670000 99.630504 -0.000000 8.712699 -0.000215 
31 -12.511250 0.000000 -39.542500 99.536495 -0.000002 8.739064 0.001611 
32 -56.517500 0.000000 -39.542500 99.599333 -0.000000 8.738362 0.000361 
33 -12.511250 0.000000 -80.985000 99.574009 -0.000001 8.709691 0.000916 
34 -12.511250 0.000000 1.900000 99.626408 -0.000035 8.847962 -0.000371 
35 75.501250 0.000000 43.342500 99.744945 0.000254 8.174091 -0.001587 
36 31.495000 0.000000 43.342500 99.876743 0.000421 8.459946 -0.004693 
37 119.507500 0.000000 43.342500 99.692807 -0.000016 8.077463 -0.000390 
38 75.501250 0.000000 84.785000 99.675224 -0.000001 8.592373 -0.000898 
39 53.498125 0.000000 -18.821250 99.402954 -0.003327 7.332158 0.006529 
40 31.495000 0.000000 -18.821250 98.879442 -0.001780 7.917781 0.016016 
41 53.498125 0.000000 -39.542500 99.467306 -0.000009 8.322574 0.003699 
42 75.501250 0.000000 -18.821250 99.627739 0.000015 7.461304 0.001864 
43 53.498125 0.000000 1.900000 100.115380 0.001651 1.792534 -0.002630 
44 -12.511250 0.000000 43.342500 99.711553 0.000001 8.735539 -0.001870 
45 -56.517500 0.000000 43.342500 99.643148 -0.000000 8.737560 -0.000510 
46 -12.511250 0.000000 84.785000 99.669748 -0.000000 8.706854 -0.000987 
47 9.491875 0.000000 -18.821250 99.283509 -0.000011 8.750186 0.006622 
48 -12.511250 0.000000 -18.821250 99.537755 0.000183 8.796067 0.001486 
49 9.491875 0.000000 -39.542500 99.448174 -0.000243 8.680948 0.003470 
50 9.491875 0.000000 1.900000 99.638404 -0.000008 9.307083 -0.001443 
51 53.498125 0.000000 22.621250 100.007749 0.002380 7.096121 -0.005190 
52 31.495000 0.000000 22.621250 100.437785 0.000784 7.864198 -0.014959 
53 75.501250 0.000000 22.621250 99.844395 -0.000075 6.863469 -0.001601 
54 53.498125 0.000000 43.342500 99.818714 0.000453 8.260472 -0.003201 
55 42.496562 0.000000 -8.460625 98.767766 -0.000083 5.317719 0.021665 
56 31.495000 0.000000 -8.460625 97.923843 -0.001034 6.460595 0.036918 
57 42.496562 0.000000 -18.821250 99.102401 -0.002149 7.449803 0.012321 
58 53.498125 0.000000 -8.460625 99.520246 0.000022 5.331749 0.006729 
59 42.496562 0.000000 1.900000 101.230744 0.000422 1.207996 -0.024912 
60 9.491875 0.000000 22.621250 99.982605 0.000269 8.739831 -0.007291 
61 -12.511250 0.000000 22.621250 99.713385 0.000001 8.793393 -0.002008 
62 9.491875 0.000000 43.342500 99.806945 -0.000593 8.671406 -0.003662 
1 7 12 10 11 
2 12 2 13 10 
3 10 13 8 14 
4 1 17 15 16 
5 17 7 11 15 
6 16 15 18 6 
7 14 8 21 19 
8 19 21 3 22 
9 20 19 22 9 
10 11 25 23 24 
11 25 10 26 23 
12 23 26 14 27 
13 6 18 28 29 
14 28 20 9 30 
15 29 28 30 4 
16 15 33 31 32 
17 33 11 24 31 
18 32 31 34 18 
19 27 14 37 35 
20 35 37 19 38 
21 36 35 38 20 
22 24 41 39 40 
23 41 23 42 39 
24 39 42 27 43 
25 18 34 44 45 
26 44 36 20 46 
27 45 44 46 28 
28 31 49 47 48 
29 49 24 40 47 
30 47 40 5 50 
31 48 47 50 34 
32 5 43 51 52 
33 43 27 53 51 
34 51 53 35 54 
35 52 51 54 36 
36 40 57 55 56 
37 57 39 58 55 
38 55 58 43 59 
39 56 55 59 5 
40 34 50 60 61 
41 50 5 52 60 
42 60 52 36 62 
43 61 60 62 44 
