2 0.000000 100.000000 211.018442
25 16 
1 -213.943881 0.000000 -224.819368 99.984510 0.000023 1.745350 0.000005 
2 279.589215 0.000000 -224.819368 99.984552 0.000431 1.742315 0.000005 
3 279.589215 0.000000 233.731852 99.985080 -0.000439 1.742370 -0.000005 
4 -213.943881 0.000000 233.731852 99.985036 -0.000025 1.745344 -0.000005 
5 32.822667 0.000000 4.456242 100.341260 0.000146 1.771844 -0.007151 
6 -213.943881 0.000000 4.456242 99.984780 -0.000001 1.745449 -0.000000 
7 32.822667 0.000000 -224.819368 99.982429 0.000178 1.743807 0.000047 
8 279.589215 0.000000 4.456242 99.910074 0.004553 6.028719 -0.001837 
9 32.822667 0.000000 233.731852 99.986964 -0.000182 1.743904 -0.000043 
10 -90.560607 0.000000 -110.181563 99.983730 0.000037 1.745690 0.000021 
11 -213.943881 0.000000 -110.181563 99.984601 0.000012 1.745418 0.000003 
12 -90.560607 0.000000 -224.819368 99.983822 0.000057 1.745292 0.000019 
13 32.822667 0.000000 -110.181563 99.975202 0.000256 1.739394 0.000193 
14 -90.560607 0.000000 4.456242 99.984837 -0.000004 1.746110 -0.000002 
15 156.205941 0.000000 -110.181563 99.983895 0.000846 1.733214 0.000022 
16 156.205941 0.000000 -224.819368 99.983850 0.000365 1.742331 0.000019 
17 279.589215 0.000000 -110.181563 99.984787 0.000902 1.733892 0.000004 
18 156.205941 0.000000 4.456242 99.954602 -0.002340 3.477457 -0.000302 
19 156.205941 0.000000 119.094047 99.986008 -0.000842 1.734451 -0.000021 
20 32.822667 0.000000 119.094047 99.993031 -0.000270 1.740242 -0.000163 
21 279.589215 0.000000 119.094047 99.985136 -0.000936 1.734292 -0.000004 
22 156.205941 0.000000 233.731852 99.985737 -0.000366 1.742494 -0.000018 
23 -90.560607 0.000000 119.094047 99.985842 -0.000043 1.745646 -0.000022 
24 -213.943881 0.000000 119.094047 99.984954 -0.000015 1.745413 -0.000004 
25 -90.560607 0.000000 233.731852 99.985702 -0.000061 1.745273 -0.000019 
1 1 12 10 11 
2 12 7 13 10 
3 10 13 5 14 
4 11 10 14 6 
5 7 16 15 13 
6 16 2 17 15 
7 15 17 8 18 
8 13 15 18 5 
9 5 18 19 20 
10 18 8 21 19 
11 19 21 3 22 
12 20 19 22 9 
13 6 14 23 24 
14 14 5 20 23 
15 23 20 9 25 
16 24 23 25 4 
