2 0.000000 100.000000 211.018442
62 43 
1 -144.530000 0.000000 -163.870000 99.616182 0.000002 8.717021 0.000063 
2 207.520000 0.000000 -163.870000 99.618347 0.000036 8.684812 0.000076 
3 207.520000 0.000000 167.670000 99.626380 0.000040 8.672480 -0.000063 
4 -144.530000 0.000000 167.670000 99.623126 0.000002 8.716962 -0.000075 
5 31.495000 0.000000 1.900000 99.691988 0.000166 0.000000 0.006151 
6 -144.530000 0.000000 1.900000 99.619697 0.000003 8.718367 -0.000009 
7 31.495000 0.000000 -163.870000 99.591949 0.000018 8.698998 0.000577 
8 207.520000 0.000000 1.900000 99.851416 0.005925 6.059347 -0.000702 
9 31.495000 0.000000 167.670000 99.649677 0.000018 8.697493 -0.000570 
10 119.507500 0.000000 -80.985000 99.614661 0.000158 8.593273 0.000307 
11 31.495000 0.000000 -80.985000 99.511857 0.000059 8.650024 0.002257 
12 119.507500 0.000000 -163.870000 99.609419 0.000034 8.683135 0.000257 
13 207.520000 0.000000 -80.985000 99.625560 0.000142 8.613884 0.000055 
14 119.507500 0.000000 1.900000 100.075731 0.005484 3.477683 -0.002725 
15 -56.517500 0.000000 -80.985000 99.606141 0.000009 8.721336 0.000256 
16 -144.530000 0.000000 -80.985000 99.617335 0.000003 8.717931 0.000038 
17 -56.517500 0.000000 -163.870000 99.607694 0.000006 8.716266 0.000233 
18 -56.517500 0.000000 1.900000 99.620315 0.000011 8.726858 -0.000037 
19 119.507500 0.000000 84.785000 99.646703 0.000129 8.548817 -0.000255 
20 31.495000 0.000000 84.785000 99.736454 0.000070 8.645015 -0.002210 
21 207.520000 0.000000 84.785000 99.638887 0.000162 8.515370 -0.000042 
22 119.507500 0.000000 167.670000 99.634453 0.000032 8.677120 -0.000232 
23 75.501250 0.000000 -39.542500 99.590037 -0.005006 8.238180 0.001396 
24 31.495000 0.000000 -39.542500 99.193957 -0.020116 8.452144 0.008912 
25 75.501250 0.000000 -80.985000 99.578431 0.000135 8.587376 0.001039 
26 119.507500 0.000000 -39.542500 99.642365 0.000647 8.322013 0.000214 
27 75.501250 0.000000 1.900000 100.238794 -0.005049 1.520191 -0.005013 
28 -56.517500 0.000000 84.785000 99.634182 0.000009 8.721117 -0.000303 
29 -144.530000 0.000000 84.785000 99.622033 0.000003 8.717895 -0.000055 
30 -56.517500 0.000000 167.670000 99.632168 0.000006 8.716019 -0.000254 
31 -12.511250 0.000000 -39.542500 99.558835 0.000033 8.742581 0.001161 
32 -56.517500 0.000000 -39.542500 99.610717 0.000010 8.725051 0.000158 
33 -12.511250 0.000000 -80.985000 99.571894 0.000021 8.717864 0.000944 
34 -12.511250 0.000000 1.900000 99.622351 0.000102 8.768503 -0.000150 
35 75.501250 0.000000 43.342500 99.729873 0.000903 8.105289 -0.001174 
36 31.495000 0.000000 43.342500 100.073508 0.019718 8.439403 -0.008593 
37 119.507500 0.000000 43.342500 99.688958 0.000320 8.009199 -0.000204 
38 75.501250 0.000000 84.785000 99.678971 0.000106 8.566784 -0.000929 
39 53.498125 0.000000 -18.821250 99.435345 -0.015143 7.081268 0.006247 
40 31.495000 0.000000 -18.821250 98.348926 -0.010319 7.810558 0.026648 
41 53.498125 0.000000 -39.542500 99.425489 -0.026181 8.212626 0.004712 
42 75.501250 0.000000 -18.821250 99.685842 -0.000131 7.338184 0.000888 
43 53.498125 0.000000 1.900000 100.214423 0.005536 1.017133 -0.004397 
44 -12.511250 0.000000 43.342500 99.684990 0.000030 8.741822 -0.001352 
45 -56.517500 0.000000 43.342500 99.629822 0.000010 8.724917 -0.000223 
46 -12.511250 0.000000 84.785000 99.670385 0.000023 8.716981 -0.001017 
47 9.491875 0.000000 -18.821250 99.338928 -0.004199 8.800990 0.005432 
48 -12.511250 0.000000 -18.821250 99.578466 0.000020 8.759459 0.000740 
49 9.491875 0.000000 -39.542500 99.408187 -0.002574 8.720765 0.004196 
50 9.491875 0.000000 1.900000 99.627924 -0.000280 8.965184 -0.000610 
51 53.498125 0.000000 22.621250 100.019608 0.014622 6.880210 -0.005126 
52 31.495000 0.000000 22.621250 100.948925 0.002455 7.782045 -0.025125 
53 75.501250 0.000000 22.621250 99.830298 0.000877 6.708980 -0.001110 
54 53.498125 0.000000 43.342500 99.874988 0.025147 8.159190 -0.004159 
55 42.496562 0.000000 -8.460625 98.454354 0.003671 4.918738 0.028255 
56 31.495000 0.000000 -8.460625 96.962003 -0.018717 6.184079 0.056013 
57 42.496562 0.000000 -18.821250 98.850634 -0.048848 7.134824 0.017764 
58 53.498125 0.000000 -8.460625 99.667461 -0.014528 5.045966 0.004094 
59 42.496562 0.000000 1.900000 102.046356 0.001461 0.525171 -0.041373 
60 9.491875 0.000000 22.621250 99.915110 0.005051 8.798940 -0.006045 
61 -12.511250 0.000000 22.621250 99.666057 0.000048 8.759002 -0.001004 
62 9.491875 0.000000 43.342500 99.841468 0.003152 8.718080 -0.004432 
1 7 12 10 11 
2 12 2 13 10 
3 10 13 8 14 
4 1 17 15 16 
5 17 7 11 15 
6 16 15 18 6 
7 14 8 21 19 
8 19 21 3 22 
9 20 19 22 9 
10 11 25 23 24 
11 25 10 26 23 
12 23 26 14 27 
13 6 18 28 29 
14 28 20 9 30 
15 29 28 30 4 
16 15 33 31 32 
17 33 11 24 31 
18 32 31 34 18 
19 27 14 37 35 
20 35 37 19 38 
21 36 35 38 20 
22 24 41 39 40 
23 41 23 42 39 
24 39 42 27 43 
25 18 34 44 45 
26 44 36 20 46 
27 45 44 46 28 
28 31 49 47 48 
29 49 24 40 47 
30 47 40 5 50 
31 48 47 50 34 
32 5 43 51 52 
33 43 27 53 51 
34 51 53 35 54 
35 52 51 54 36 
36 40 57 55 56 
37 57 39 58 55 
38 55 58 43 59 
39 56 55 59 5 
40 34 50 60 61 
41 50 5 52 60 
42 60 52 36 62 
43 61 60 62 44 
