2 0.000000 100.000000 178.105148
62 43 
1 -144.530000 0.000000 -163.870000 100.000000 0.000000 0.000000 0.000000 
2 207.520000 0.000000 -163.870000 100.000000 0.000000 0.000000 0.000000 
3 207.520000 0.000000 167.670000 100.000000 0.000000 0.000000 0.000000 
4 -144.530000 0.000000 167.670000 100.000000 0.000000 0.000000 0.000000 
5 31.495000 0.000000 1.900000 100.000000 0.000000 0.000000 0.000000 
6 -144.530000 0.000000 1.900000 100.000000 0.000000 0.000000 0.000000 
7 31.495000 0.000000 -163.870000 100.000000 0.000000 0.000000 0.000000 
8 207.520000 0.000000 1.900000 100.000000 0.000000 0.000000 0.000000 
9 31.495000 0.000000 167.670000 100.000000 0.000000 0.000000 0.000000 
10 119.507500 0.000000 -80.985000 100.000000 0.000000 0.000000 0.000000 
11 31.495000 0.000000 -80.985000 100.000000 0.000000 0.000000 0.000000 
12 119.507500 0.000000 -163.870000 100.000000 0.000000 0.000000 0.000000 
13 207.520000 0.000000 -80.985000 100.000000 0.000000 0.000000 0.000000 
14 119.507500 0.000000 1.900000 100.000000 0.000000 0.000000 0.000000 
15 -56.517500 0.000000 -80.985000 100.000000 0.000000 0.000000 0.000000 
16 -144.530000 0.000000 -80.985000 100.000000 0.000000 0.000000 0.000000 
17 -56.517500 0.000000 -163.870000 100.000000 0.000000 0.000000 0.000000 
18 -56.517500 0.000000 1.900000 100.000000 0.000000 0.000000 0.000000 
19 119.507500 0.000000 84.785000 100.000000 0.000000 0.000000 0.000000 
20 31.495000 0.000000 84.785000 100.000000 0.000000 0.000000 0.000000 
21 207.520000 0.000000 84.785000 100.000000 0.000000 0.000000 0.000000 
22 119.507500 0.000000 167.670000 100.000000 0.000000 0.000000 0.000000 
23 75.501250 0.000000 -39.542500 100.000000 0.000000 0.000000 0.000000 
24 31.495000 0.000000 -39.542500 100.000000 0.000000 0.000000 0.000000 
25 75.501250 0.000000 -80.985000 100.000000 0.000000 0.000000 0.000000 
26 119.507500 0.000000 -39.542500 100.000000 0.000000 0.000000 0.000000 
27 75.501250 0.000000 1.900000 100.000000 0.000000 0.000000 0.000000 
28 -56.517500 0.000000 84.785000 100.000000 0.000000 0.000000 0.000000 
29 -144.530000 0.000000 84.785000 100.000000 0.000000 0.000000 0.000000 
30 -56.517500 0.000000 167.670000 100.000000 0.000000 0.000000 0.000000 
31 -12.511250 0.000000 -39.542500 100.000000 0.000000 0.000000 0.000000 
32 -56.517500 0.000000 -39.542500 100.000000 0.000000 0.000000 0.000000 
33 -12.511250 0.000000 -80.985000 100.000000 0.000000 0.000000 0.000000 
34 -12.511250 0.000000 1.900000 100.000000 0.000000 0.000000 0.000000 
35 75.501250 0.000000 43.342500 100.000000 0.000000 0.000000 0.000000 
36 31.495000 0.000000 43.342500 100.000000 0.000000 0.000000 0.000000 
37 119.507500 0.000000 43.342500 100.000000 0.000000 0.000000 0.000000 
38 75.501250 0.000000 84.785000 100.000000 0.000000 0.000000 0.000000 
39 53.498125 0.000000 -18.821250 100.000000 0.000000 0.000000 0.000000 
40 31.495000 0.000000 -18.821250 100.000000 0.000000 0.000000 0.000000 
41 53.498125 0.000000 -39.542500 100.000000 0.000000 0.000000 0.000000 
42 75.501250 0.000000 -18.821250 100.000000 0.000000 0.000000 0.000000 
43 53.498125 0.000000 1.900000 100.000000 0.000000 0.000000 0.000000 
44 -12.511250 0.000000 43.342500 100.000000 0.000000 0.000000 0.000000 
45 -56.517500 0.000000 43.342500 100.000000 0.000000 0.000000 0.000000 
46 -12.511250 0.000000 84.785000 100.000000 0.000000 0.000000 0.000000 
47 9.491875 0.000000 -18.821250 100.000000 0.000000 0.000000 0.000000 
48 -12.511250 0.000000 -18.821250 100.000000 0.000000 0.000000 0.000000 
49 9.491875 0.000000 -39.542500 100.000000 0.000000 0.000000 0.000000 
50 9.491875 0.000000 1.900000 100.000000 0.000000 0.000000 0.000000 
51 53.498125 0.000000 22.621250 100.000000 0.000000 0.000000 0.000000 
52 31.495000 0.000000 22.621250 100.000000 0.000000 0.000000 0.000000 
53 75.501250 0.000000 22.621250 100.000000 0.000000 0.000000 0.000000 
54 53.498125 0.000000 43.342500 100.000000 0.000000 0.000000 0.000000 
55 42.496562 0.000000 -8.460625 100.000000 0.000000 0.000000 0.000000 
56 31.495000 0.000000 -8.460625 100.000000 0.000000 0.000000 0.000000 
57 42.496562 0.000000 -18.821250 100.000000 0.000000 0.000000 0.000000 
58 53.498125 0.000000 -8.460625 100.000000 0.000000 0.000000 0.000000 
59 42.496562 0.000000 1.900000 100.000000 0.000000 0.000000 0.000000 
60 9.491875 0.000000 22.621250 100.000000 0.000000 0.000000 0.000000 
61 -12.511250 0.000000 22.621250 100.000000 0.000000 0.000000 0.000000 
62 9.491875 0.000000 43.342500 100.000000 0.000000 0.000000 0.000000 
1 7 12 10 11 
2 12 2 13 10 
3 10 13 8 14 
4 1 17 15 16 
5 17 7 11 15 
6 16 15 18 6 
7 14 8 21 19 
8 19 21 3 22 
9 20 19 22 9 
10 11 25 23 24 
11 25 10 26 23 
12 23 26 14 27 
13 6 18 28 29 
14 28 20 9 30 
15 29 28 30 4 
16 15 33 31 32 
17 33 11 24 31 
18 32 31 34 18 
19 27 14 37 35 
20 35 37 19 38 
21 36 35 38 20 
22 24 41 39 40 
23 41 23 42 39 
24 39 42 27 43 
25 18 34 44 45 
26 44 36 20 46 
27 45 44 46 28 
28 31 49 47 48 
29 49 24 40 47 
30 47 40 5 50 
31 48 47 50 34 
32 5 43 51 52 
33 43 27 53 51 
34 51 53 35 54 
35 52 51 54 36 
36 40 57 55 56 
37 57 39 58 55 
38 55 58 43 59 
39 56 55 59 5 
40 34 50 60 61 
41 50 5 52 60 
42 60 52 36 62 
43 61 60 62 44 
