2 0.000000 100.000000 291.862339
25 16 
1 -180.237465 0.000000 -220.469468 99.617289 -0.000000 8.716181 0.000042 
2 287.513550 0.000000 -220.469468 99.618214 -0.000000 8.702675 0.000047 
3 287.513550 0.000000 227.666535 99.622851 0.000000 8.698813 -0.000038 
4 -180.237465 0.000000 227.666535 99.621893 0.000000 8.716049 -0.000049 
5 53.638043 0.000000 3.598533 99.068987 0.000024 12.195355 0.003661 
6 -180.237465 0.000000 3.598533 99.619730 -0.000000 8.718428 -0.000010 
7 53.638043 0.000000 -220.469468 99.612098 -0.000000 8.708442 0.000159 
8 287.513550 0.000000 3.598533 99.690733 -0.000622 7.896382 -0.000060 
9 53.638043 0.000000 227.666535 99.627498 0.000000 8.708004 -0.000147 
10 -63.299711 0.000000 -108.435467 99.610304 -0.000000 8.717971 0.000178 
11 -180.237465 0.000000 -108.435467 99.617545 -0.000000 8.717493 0.000035 
12 -63.299711 0.000000 -220.469468 99.614420 -0.000000 8.714641 0.000102 
13 53.638043 0.000000 -108.435467 99.589101 -0.000001 8.685313 0.000658 
14 -63.299711 0.000000 3.598533 99.620624 -0.000000 8.728090 -0.000045 
15 170.575796 0.000000 -108.435467 99.614689 -0.000003 8.663115 0.000186 
16 170.575796 0.000000 -220.469468 99.615269 -0.000000 8.703079 0.000105 
17 287.513550 0.000000 -108.435467 99.621070 -0.000003 8.671072 0.000045 
18 170.575796 0.000000 3.598533 99.562440 -0.001794 9.348649 -0.000008 
19 170.575796 0.000000 115.632534 99.632104 0.000004 8.653998 -0.000145 
20 53.638043 0.000000 115.632534 99.649672 0.000001 8.686323 -0.000551 
21 287.513550 0.000000 115.632534 99.627422 0.000005 8.642326 -0.000031 
22 170.575796 0.000000 227.666535 99.625241 0.000000 8.701491 -0.000090 
23 -63.299711 0.000000 115.632534 99.629318 0.000000 8.717335 -0.000199 
24 -180.237465 0.000000 115.632534 99.621787 0.000000 8.717354 -0.000049 
25 -63.299711 0.000000 227.666535 99.624858 0.000000 8.714364 -0.000105 
1 1 12 10 11 
2 12 7 13 10 
3 10 13 5 14 
4 11 10 14 6 
5 7 16 15 13 
6 16 2 17 15 
7 15 17 8 18 
8 13 15 18 5 
9 5 18 19 20 
10 18 8 21 19 
11 19 21 3 22 
12 20 19 22 9 
13 6 14 23 24 
14 14 5 20 23 
15 23 20 9 25 
16 24 23 25 4 
