2 0.000000 100.000000 5791.461216
25 16 
1 -180.237465 0.000000 -220.469468 99.617222 -0.000000 8.716102 0.000044 
2 287.513550 0.000000 -220.469468 99.618089 -0.000000 8.702995 0.000049 
3 287.513550 0.000000 227.666535 99.622891 0.000001 8.699170 -0.000040 
4 -180.237465 0.000000 227.666535 99.621979 0.000000 8.715942 -0.000051 
5 53.638043 0.000000 3.598533 99.112122 0.000030 12.099915 0.003038 
6 -180.237465 0.000000 3.598533 99.619773 0.000000 8.718906 -0.000012 
7 53.638043 0.000000 -220.469468 99.612883 -0.000000 8.708654 0.000143 
8 287.513550 0.000000 3.598533 99.689201 -0.000617 7.913007 -0.000055 
9 53.638043 0.000000 227.666535 99.626749 0.000000 8.708121 -0.000132 
10 -63.299711 0.000000 -108.435467 99.610048 -0.000000 8.717630 0.000184 
11 -180.237465 0.000000 -108.435467 99.617328 -0.000000 8.717660 0.000039 
12 -63.299711 0.000000 -220.469468 99.614689 -0.000000 8.714387 0.000097 
13 53.638043 0.000000 -108.435467 99.592280 -0.000001 8.686303 0.000593 
14 -63.299711 0.000000 3.598533 99.620813 0.000000 8.730175 -0.000052 
15 170.575796 0.000000 -108.435467 99.614172 -0.000003 8.664389 0.000195 
16 170.575796 0.000000 -220.469468 99.615436 -0.000000 8.703638 0.000101 
17 287.513550 0.000000 -108.435467 99.620740 -0.000003 8.671715 0.000051 
18 170.575796 0.000000 3.598533 99.562491 -0.001746 9.344748 -0.000001 
19 170.575796 0.000000 115.632534 99.632256 0.000004 8.655290 -0.000150 
20 53.638043 0.000000 115.632534 99.646886 0.000001 8.686888 -0.000496 
21 287.513550 0.000000 115.632534 99.627501 0.000006 8.643449 -0.000035 
22 170.575796 0.000000 227.666535 99.625003 0.000000 8.701988 -0.000087 
23 -63.299711 0.000000 115.632534 99.629606 0.000000 8.716888 -0.000204 
24 -180.237465 0.000000 115.632534 99.622050 0.000000 8.717479 -0.000055 
25 -63.299711 0.000000 227.666535 99.624618 0.000000 8.714070 -0.000100 
1 1 12 10 11 
2 12 7 13 10 
3 10 13 5 14 
4 11 10 14 6 
5 7 16 15 13 
6 16 2 17 15 
7 15 17 8 18 
8 13 15 18 5 
9 5 18 19 20 
10 18 8 21 19 
11 19 21 3 22 
12 20 19 22 9 
13 6 14 23 24 
14 14 5 20 23 
15 23 20 9 25 
16 24 23 25 4 
