2 0.000000 100.000000 211.018442
25 16 
1 -213.943881 0.000000 -224.819368 99.618253 0.000032 8.716115 0.000023 
2 279.589215 0.000000 -224.819368 99.619136 0.000611 8.702800 0.000029 
3 279.589215 0.000000 233.731852 99.622114 -0.000735 8.699043 -0.000024 
4 -213.943881 0.000000 233.731852 99.620837 -0.000042 8.716069 -0.000028 
5 32.822667 0.000000 4.456242 101.424996 -0.003693 8.889356 -0.036605 
6 -213.943881 0.000000 4.456242 99.619588 -0.000005 8.716589 -0.000004 
7 32.822667 0.000000 -224.819368 99.608371 0.000262 8.708780 0.000233 
8 279.589215 0.000000 4.456242 99.734120 0.007337 7.403766 -0.000171 
9 32.822667 0.000000 233.731852 99.630745 -0.000293 8.708762 -0.000213 
10 -90.560607 0.000000 -110.181563 99.614609 0.000051 8.717790 0.000093 
11 -213.943881 0.000000 -110.181563 99.618707 0.000016 8.716444 0.000014 
12 -90.560607 0.000000 -224.819368 99.614974 0.000082 8.715856 0.000089 
13 32.822667 0.000000 -110.181563 99.574232 0.000378 8.688004 0.000949 
14 -90.560607 0.000000 4.456242 99.620047 -0.000011 8.719654 -0.000019 
15 156.205941 0.000000 -110.181563 99.618100 0.001201 8.662742 0.000119 
16 156.205941 0.000000 -224.819368 99.615591 0.000530 8.702079 0.000101 
17 279.589215 0.000000 -110.181563 99.622248 0.001212 8.671847 0.000021 
18 156.205941 0.000000 4.456242 99.670759 0.009473 8.122873 -0.000024 
19 156.205941 0.000000 119.094047 99.629738 -0.001405 8.654248 -0.000098 
20 32.822667 0.000000 119.094047 99.661556 -0.000436 8.690447 -0.000795 
21 279.589215 0.000000 119.094047 99.626632 -0.001684 8.642172 -0.000015 
22 156.205941 0.000000 233.731852 99.625172 -0.000595 8.700900 -0.000088 
23 -90.560607 0.000000 119.094047 99.624919 -0.000071 8.717515 -0.000112 
24 -213.943881 0.000000 119.094047 99.620439 -0.000026 8.716409 -0.000021 
25 -90.560607 0.000000 233.731852 99.624185 -0.000098 8.715692 -0.000094 
1 1 12 10 11 
2 12 7 13 10 
3 10 13 5 14 
4 11 10 14 6 
5 7 16 15 13 
6 16 2 17 15 
7 15 17 8 18 
8 13 15 18 5 
9 5 18 19 20 
10 18 8 21 19 
11 19 21 3 22 
12 20 19 22 9 
13 6 14 23 24 
14 14 5 20 23 
15 23 20 9 25 
16 24 23 25 4 
