2 0.000000 100.000000 157.431060
25 16 
1 -213.943881 0.000000 -224.819368 100.000000 0.000000 0.000000 0.000000 
2 279.589215 0.000000 -224.819368 100.000000 0.000000 0.000000 0.000000 
3 279.589215 0.000000 233.731852 100.000000 0.000000 0.000000 0.000000 
4 -213.943881 0.000000 233.731852 100.000000 0.000000 0.000000 0.000000 
5 32.822667 0.000000 4.456242 100.000000 0.000000 0.000000 0.000000 
6 -213.943881 0.000000 4.456242 100.000000 0.000000 0.000000 0.000000 
7 32.822667 0.000000 -224.819368 100.000000 0.000000 0.000000 0.000000 
8 279.589215 0.000000 4.456242 100.000000 0.000000 0.000000 0.000000 
9 32.822667 0.000000 233.731852 100.000000 0.000000 0.000000 0.000000 
10 -90.560607 0.000000 -110.181563 100.000000 0.000000 0.000000 0.000000 
11 -213.943881 0.000000 -110.181563 100.000000 0.000000 0.000000 0.000000 
12 -90.560607 0.000000 -224.819368 100.000000 0.000000 0.000000 0.000000 
13 32.822667 0.000000 -110.181563 100.000000 0.000000 0.000000 0.000000 
14 -90.560607 0.000000 4.456242 100.000000 0.000000 0.000000 0.000000 
15 156.205941 0.000000 -110.181563 100.000000 0.000000 0.000000 0.000000 
16 156.205941 0.000000 -224.819368 100.000000 0.000000 0.000000 0.000000 
17 279.589215 0.000000 -110.181563 100.000000 0.000000 0.000000 0.000000 
18 156.205941 0.000000 4.456242 100.000000 0.000000 0.000000 0.000000 
19 156.205941 0.000000 119.094047 100.000000 0.000000 0.000000 0.000000 
20 32.822667 0.000000 119.094047 100.000000 0.000000 0.000000 0.000000 
21 279.589215 0.000000 119.094047 100.000000 0.000000 0.000000 0.000000 
22 156.205941 0.000000 233.731852 100.000000 0.000000 0.000000 0.000000 
23 -90.560607 0.000000 119.094047 100.000000 0.000000 0.000000 0.000000 
24 -213.943881 0.000000 119.094047 100.000000 0.000000 0.000000 0.000000 
25 -90.560607 0.000000 233.731852 100.000000 0.000000 0.000000 0.000000 
1 1 12 10 11 
2 12 7 13 10 
3 10 13 5 14 
4 11 10 14 6 
5 7 16 15 13 
6 16 2 17 15 
7 15 17 8 18 
8 13 15 18 5 
9 5 18 19 20 
10 18 8 21 19 
11 19 21 3 22 
12 20 19 22 9 
13 6 14 23 24 
14 14 5 20 23 
15 23 20 9 25 
16 24 23 25 4 
