2 0.000000 100.000000 146.245686
25 16 
1 -180.237465 0.000000 -220.469468 99.619470 0.000000 8.715574 0.015474 
2 287.513550 0.000000 -220.469468 99.619470 0.000000 8.715574 0.015474 
3 287.513550 0.000000 227.666535 99.619470 0.000000 8.715574 0.015474 
4 -180.237465 0.000000 227.666535 99.619470 0.000000 8.715574 0.015474 
5 53.638043 0.000000 3.598533 99.816938 0.000000 9.904165 0.013688 
6 -180.237465 0.000000 3.598533 99.619470 0.000000 8.715574 0.015474 
7 53.638043 0.000000 -220.469468 99.619470 0.000000 8.715574 0.015474 
8 287.513550 0.000000 3.598533 99.686592 0.000000 7.992387 0.012841 
9 53.638043 0.000000 227.666535 99.619470 0.000000 8.715574 0.015474 
10 -63.299711 0.000000 -108.435467 99.619470 0.000000 8.715574 0.015474 
11 -180.237465 0.000000 -108.435467 99.619470 0.000000 8.715574 0.015474 
12 -63.299711 0.000000 -220.469468 99.619470 0.000000 8.715574 0.015474 
13 53.638043 0.000000 -108.435467 99.619470 0.000000 8.715574 0.015474 
14 -63.299711 0.000000 3.598533 99.619470 0.000000 8.715574 0.015474 
15 170.575796 0.000000 -108.435467 99.619470 0.000000 8.715574 0.015474 
16 170.575796 0.000000 -220.469468 99.619470 0.000000 8.715574 0.015474 
17 287.513550 0.000000 -108.435467 99.619470 0.000000 8.715574 0.015474 
18 170.575796 0.000000 3.598533 99.572210 -0.000000 9.437383 0.017815 
19 170.575796 0.000000 115.632534 99.619470 0.000000 8.715574 0.015474 
20 53.638043 0.000000 115.632534 99.619470 0.000000 8.715574 0.015474 
21 287.513550 0.000000 115.632534 99.619470 0.000000 8.715574 0.015474 
22 170.575796 0.000000 227.666535 99.619470 0.000000 8.715574 0.015474 
23 -63.299711 0.000000 115.632534 99.619470 0.000000 8.715574 0.015474 
24 -180.237465 0.000000 115.632534 99.619470 0.000000 8.715574 0.015474 
25 -63.299711 0.000000 227.666535 99.619470 0.000000 8.715574 0.015474 
1 1 12 10 11 
2 12 7 13 10 
3 10 13 5 14 
4 11 10 14 6 
5 7 16 15 13 
6 16 2 17 15 
7 15 17 8 18 
8 13 15 18 5 
9 5 18 19 20 
10 18 8 21 19 
11 19 21 3 22 
12 20 19 22 9 
13 6 14 23 24 
14 14 5 20 23 
15 23 20 9 25 
16 24 23 25 4 
