2 0.000000 100.000000 5791.461216
62 43 
1 -144.530000 0.000000 -163.870000 99.615054 0.000001 8.716722 0.000086 
2 207.520000 0.000000 -163.870000 99.616548 0.000004 8.689998 0.000103 
3 207.520000 0.000000 167.670000 99.626877 0.000001 8.679363 -0.000085 
4 -144.530000 0.000000 167.670000 99.624541 0.000001 8.716463 -0.000103 
5 31.495000 0.000000 1.900000 99.732371 0.000198 0.000000 0.005345 
6 -144.530000 0.000000 1.900000 99.619997 0.000001 8.722118 -0.000022 
7 31.495000 0.000000 -163.870000 99.606009 0.000002 8.702051 0.000292 
8 207.520000 0.000000 1.900000 99.815541 0.001335 6.461521 -0.000489 
9 31.495000 0.000000 167.670000 99.635309 0.000002 8.699785 -0.000288 
10 119.507500 0.000000 -80.985000 99.607673 0.000019 8.613965 0.000411 
11 31.495000 0.000000 -80.985000 99.566190 0.000007 8.661706 0.001155 
12 119.507500 0.000000 -163.870000 99.611023 0.000003 8.691490 0.000210 
13 207.520000 0.000000 -80.985000 99.621732 0.000020 8.628137 0.000107 
14 119.507500 0.000000 1.900000 100.010047 0.003535 4.196847 -0.001962 
15 -56.517500 0.000000 -80.985000 99.601643 0.000003 8.720052 0.000347 
16 -144.530000 0.000000 -80.985000 99.615353 0.000001 8.719724 0.000075 
17 -56.517500 0.000000 -163.870000 99.609978 0.000001 8.713483 0.000193 
18 -56.517500 0.000000 1.900000 99.621419 0.000007 8.742093 -0.000085 
19 119.507500 0.000000 84.785000 99.648551 -0.000008 8.575319 -0.000337 
20 31.495000 0.000000 84.785000 99.681436 0.000012 8.653769 -0.001128 
21 207.520000 0.000000 84.785000 99.638054 -0.000017 8.544753 -0.000075 
22 119.507500 0.000000 167.670000 99.631578 0.000001 8.685775 -0.000189 
23 75.501250 0.000000 -39.542500 99.563648 -0.001156 8.315098 0.001794 
24 31.495000 0.000000 -39.542500 99.400109 -0.013781 8.499603 0.004737 
25 75.501250 0.000000 -80.985000 99.585760 0.000013 8.620192 0.000837 
26 119.507500 0.000000 -39.542500 99.627316 0.000104 8.376890 0.000423 
27 75.501250 0.000000 1.900000 100.163399 0.000029 2.260357 -0.003782 
28 -56.517500 0.000000 84.785000 99.639761 0.000004 8.719083 -0.000410 
29 -144.530000 0.000000 84.785000 99.624495 0.000001 8.719520 -0.000107 
30 -56.517500 0.000000 167.670000 99.630216 0.000001 8.712743 -0.000209 
31 -12.511250 0.000000 -39.542500 99.540246 0.000020 8.737634 0.001539 
32 -56.517500 0.000000 -39.542500 99.602609 0.000005 8.732171 0.000307 
33 -12.511250 0.000000 -80.985000 99.581461 0.000005 8.706826 0.000772 
34 -12.511250 0.000000 1.900000 99.625958 0.000052 8.839628 -0.000347 
35 75.501250 0.000000 43.342500 99.736933 0.001053 8.197648 -0.001466 
36 31.495000 0.000000 43.342500 99.867357 0.013316 8.476814 -0.004535 
37 119.507500 0.000000 43.342500 99.686944 -0.000186 8.109751 -0.000325 
38 75.501250 0.000000 84.785000 99.666951 0.000002 8.599987 -0.000746 
39 53.498125 0.000000 -18.821250 99.379505 -0.007526 7.344869 0.006977 
40 31.495000 0.000000 -18.821250 98.907136 -0.008359 7.958304 0.015404 
41 53.498125 0.000000 -39.542500 99.471606 -0.015672 8.339520 0.003585 
42 75.501250 0.000000 -18.821250 99.626145 -0.011644 7.509101 0.001824 
43 53.498125 0.000000 1.900000 100.145112 0.008961 1.536910 -0.003141 
44 -12.511250 0.000000 43.342500 99.707391 0.000023 8.734294 -0.001785 
45 -56.517500 0.000000 43.342500 99.639712 0.000006 8.731415 -0.000431 
46 -12.511250 0.000000 84.785000 99.662101 0.000008 8.704147 -0.000830 
47 9.491875 0.000000 -18.821250 99.295457 -0.007701 8.759194 0.006369 
48 -12.511250 0.000000 -18.821250 99.541958 0.000002 8.790649 0.001412 
49 9.491875 0.000000 -39.542500 99.455963 -0.003026 8.678036 0.003320 
50 9.491875 0.000000 1.900000 99.637356 -0.000648 9.310359 -0.001429 
51 53.498125 0.000000 22.621250 100.021514 0.011449 7.144641 -0.005535 
52 31.495000 0.000000 22.621250 100.396777 0.001268 7.907496 -0.014204 
53 75.501250 0.000000 22.621250 99.837426 0.010219 6.956541 -0.001591 
54 53.498125 0.000000 43.342500 99.814100 0.014239 8.281717 -0.003144 
55 42.496562 0.000000 -8.460625 98.735017 0.001798 5.474466 0.022143 
56 31.495000 0.000000 -8.460625 97.926739 -0.022229 6.536862 0.036762 
57 42.496562 0.000000 -18.821250 99.095783 -0.027043 7.493244 0.012388 
58 53.498125 0.000000 -8.460625 99.499781 -0.018083 5.474828 0.006982 
59 42.496562 0.000000 1.900000 101.269631 0.001498 0.858532 -0.025628 
60 9.491875 0.000000 22.621250 99.970202 0.008803 8.750116 -0.007061 
61 -12.511250 0.000000 22.621250 99.708568 0.000062 8.788139 -0.001903 
62 9.491875 0.000000 43.342500 99.798368 0.003465 8.669555 -0.003488 
1 7 12 10 11 
2 12 2 13 10 
3 10 13 8 14 
4 1 17 15 16 
5 17 7 11 15 
6 16 15 18 6 
7 14 8 21 19 
8 19 21 3 22 
9 20 19 22 9 
10 11 25 23 24 
11 25 10 26 23 
12 23 26 14 27 
13 6 18 28 29 
14 28 20 9 30 
15 29 28 30 4 
16 15 33 31 32 
17 33 11 24 31 
18 32 31 34 18 
19 27 14 37 35 
20 35 37 19 38 
21 36 35 38 20 
22 24 41 39 40 
23 41 23 42 39 
24 39 42 27 43 
25 18 34 44 45 
26 44 36 20 46 
27 45 44 46 28 
28 31 49 47 48 
29 49 24 40 47 
30 47 40 5 50 
31 48 47 50 34 
32 5 43 51 52 
33 43 27 53 51 
34 51 53 35 54 
35 52 51 54 36 
36 40 57 55 56 
37 57 39 58 55 
38 55 58 43 59 
39 56 55 59 5 
40 34 50 60 61 
41 50 5 52 60 
42 60 52 36 62 
43 61 60 62 44 
