2 0.000000 100.000000 211.018442
62 43 
1 -144.530000 0.000000 -163.870000 99.616075 -0.000000 8.717076 0.000065 
2 207.520000 0.000000 -163.870000 99.618273 -0.000002 8.683559 0.000080 
3 207.520000 0.000000 167.670000 99.626696 -0.000003 8.670625 -0.000066 
4 -144.530000 0.000000 167.670000 99.623252 -0.000000 8.717015 -0.000078 
5 31.495000 0.000000 1.900000 99.699457 -0.000036 0.000000 0.006002 
6 -144.530000 0.000000 1.900000 99.619708 -0.000000 8.718463 -0.000010 
7 31.495000 0.000000 -163.870000 99.590858 -0.000001 8.698557 0.000600 
8 207.520000 0.000000 1.900000 99.862210 -0.000133 5.936280 -0.000770 
9 31.495000 0.000000 167.670000 99.650926 -0.000001 8.696938 -0.000594 
10 119.507500 0.000000 -80.985000 99.611884 -0.000010 8.585627 0.000376 
11 31.495000 0.000000 -80.985000 99.497859 -0.000006 8.647262 0.002540 
12 119.507500 0.000000 -163.870000 99.608878 -0.000002 8.681860 0.000270 
13 207.520000 0.000000 -80.985000 99.625791 -0.000009 8.609731 0.000057 
14 119.507500 0.000000 1.900000 100.092059 0.000432 3.287886 -0.002923 
15 -56.517500 0.000000 -80.985000 99.603540 -0.000001 8.723736 0.000303 
16 -144.530000 0.000000 -80.985000 99.617271 -0.000000 8.718015 0.000040 
17 -56.517500 0.000000 -163.870000 99.607326 -0.000000 8.716324 0.000241 
18 -56.517500 0.000000 1.900000 99.620372 -0.000001 8.730524 -0.000044 
19 119.507500 0.000000 84.785000 99.650447 -0.000013 8.538493 -0.000312 
20 31.495000 0.000000 84.785000 99.751211 -0.000002 8.641756 -0.002498 
21 207.520000 0.000000 84.785000 99.639791 -0.000017 8.505998 -0.000044 
22 119.507500 0.000000 167.670000 99.635206 -0.000003 8.675509 -0.000244 
23 75.501250 0.000000 -39.542500 99.582964 -0.000309 8.215493 0.001574 
24 31.495000 0.000000 -39.542500 99.172227 -0.000012 8.436471 0.009370 
25 75.501250 0.000000 -80.985000 99.567721 -0.000009 8.577568 0.001269 
26 119.507500 0.000000 -39.542500 99.641565 -0.000034 8.301603 0.000264 
27 75.501250 0.000000 1.900000 100.250447 0.005389 1.363752 -0.005201 
28 -56.517500 0.000000 84.785000 99.636872 -0.000001 8.723503 -0.000361 
29 -144.530000 0.000000 84.785000 99.622119 -0.000000 8.717977 -0.000057 
30 -56.517500 0.000000 167.670000 99.632589 -0.000000 8.716061 -0.000262 
31 -12.511250 0.000000 -39.542500 99.555523 -0.000002 8.744443 0.001223 
32 -56.517500 0.000000 -39.542500 99.608998 -0.000001 8.728315 0.000186 
33 -12.511250 0.000000 -80.985000 99.562843 -0.000001 8.721639 0.001117 
34 -12.511250 0.000000 1.900000 99.622613 -0.000016 8.772883 -0.000163 
35 75.501250 0.000000 43.342500 99.739776 0.000233 8.071130 -0.001317 
36 31.495000 0.000000 43.342500 100.096323 0.000673 8.417611 -0.009013 
37 119.507500 0.000000 43.342500 99.694516 -0.000055 7.965907 -0.000245 
38 75.501250 0.000000 84.785000 99.690580 -0.000008 8.555402 -0.001141 
39 53.498125 0.000000 -18.821250 99.453453 -0.005370 7.062021 0.005914 
40 31.495000 0.000000 -18.821250 98.283679 -0.001580 7.756735 0.028015 
41 53.498125 0.000000 -39.542500 99.419245 -0.000031 8.189131 0.004875 
42 75.501250 0.000000 -18.821250 99.687070 -0.000108 7.274488 0.000957 
43 53.498125 0.000000 1.900000 100.216399 0.001496 1.322386 -0.004508 
44 -12.511250 0.000000 43.342500 99.688649 -0.000001 8.743638 -0.001428 
45 -56.517500 0.000000 43.342500 99.631646 -0.000001 8.728171 -0.000265 
46 -12.511250 0.000000 84.785000 99.679708 -0.000001 8.720677 -0.001209 
47 9.491875 0.000000 -18.821250 99.326818 -0.000006 8.798402 0.005677 
48 -12.511250 0.000000 -18.821250 99.576083 0.000084 8.762888 0.000782 
49 9.491875 0.000000 -39.542500 99.395812 -0.000209 8.725969 0.004433 
50 9.491875 0.000000 1.900000 99.628340 -0.000007 8.963565 -0.000615 
51 53.498125 0.000000 22.621250 100.021883 0.003991 6.802109 -0.005065 
52 31.495000 0.000000 22.621250 101.032859 0.000836 7.730126 -0.026739 
53 75.501250 0.000000 22.621250 99.845133 -0.000129 6.568629 -0.001220 
54 53.498125 0.000000 43.342500 99.882185 0.000831 8.127177 -0.004250 
55 42.496562 0.000000 -8.460625 98.585578 -0.000048 4.721575 0.025859 
56 31.495000 0.000000 -8.460625 96.909716 -0.000541 6.110352 0.057117 
57 42.496562 0.000000 -18.821250 98.889323 -0.003116 7.084669 0.017071 
58 53.498125 0.000000 -8.460625 99.685420 -0.000146 4.897194 0.003883 
59 42.496562 0.000000 1.900000 101.820822 0.000037 0.891300 -0.036827 
60 9.491875 0.000000 22.621250 99.927436 0.000156 8.795974 -0.006286 
61 -12.511250 0.000000 22.621250 99.668834 -0.000001 8.762403 -0.001066 
62 9.491875 0.000000 43.342500 99.855041 -0.000491 8.722752 -0.004712 
1 7 12 10 11 
2 12 2 13 10 
3 10 13 8 14 
4 1 17 15 16 
5 17 7 11 15 
6 16 15 18 6 
7 14 8 21 19 
8 19 21 3 22 
9 20 19 22 9 
10 11 25 23 24 
11 25 10 26 23 
12 23 26 14 27 
13 6 18 28 29 
14 28 20 9 30 
15 29 28 30 4 
16 15 33 31 32 
17 33 11 24 31 
18 32 31 34 18 
19 27 14 37 35 
20 35 37 19 38 
21 36 35 38 20 
22 24 41 39 40 
23 41 23 42 39 
24 39 42 27 43 
25 18 34 44 45 
26 44 36 20 46 
27 45 44 46 28 
28 31 49 47 48 
29 49 24 40 47 
30 47 40 5 50 
31 48 47 50 34 
32 5 43 51 52 
33 43 27 53 51 
34 51 53 35 54 
35 52 51 54 36 
36 40 57 55 56 
37 57 39 58 55 
38 55 58 43 59 
39 56 55 59 5 
40 34 50 60 61 
41 50 5 52 60 
42 60 52 36 62 
43 61 60 62 44 
