2 0.000000 100.000000 211.018442
25 16 
1 -180.237465 0.000000 -220.469468 99.984457 -0.000000 1.745363 0.000006 
2 287.513550 0.000000 -220.469468 99.984533 -0.000000 1.742255 0.000006 
3 287.513550 0.000000 227.666535 99.985097 -0.000000 1.742278 -0.000006 
4 -180.237465 0.000000 227.666535 99.985087 -0.000000 1.745359 -0.000006 
5 53.638043 0.000000 3.598533 99.890868 -0.000000 2.496677 0.001558 
6 -180.237465 0.000000 3.598533 99.984777 -0.000000 1.745491 -0.000000 
7 53.638043 0.000000 -220.469468 99.982331 -0.000000 1.743645 0.000049 
8 287.513550 0.000000 3.598533 99.966495 0.000023 2.792045 -0.000110 
9 53.638043 0.000000 227.666535 99.987100 -0.000000 1.743738 -0.000046 
10 -63.299711 0.000000 -108.435467 99.983441 -0.000000 1.745746 0.000026 
11 -180.237465 0.000000 -108.435467 99.984558 -0.000000 1.745450 0.000004 
12 -63.299711 0.000000 -220.469468 99.983661 -0.000000 1.745269 0.000022 
13 53.638043 0.000000 -108.435467 99.975006 -0.000000 1.738353 0.000198 
14 -63.299711 0.000000 3.598533 99.984815 -0.000000 1.746298 -0.000001 
15 170.575796 0.000000 -108.435467 99.983884 -0.000000 1.733221 0.000022 
16 170.575796 0.000000 -220.469468 99.983827 -0.000000 1.742259 0.000020 
17 287.513550 0.000000 -108.435467 99.984772 -0.000000 1.733899 0.000004 
18 170.575796 0.000000 3.598533 99.965624 0.000081 2.841453 -0.000120 
19 170.575796 0.000000 115.632534 99.986003 -0.000000 1.734194 -0.000021 
20 53.638043 0.000000 115.632534 99.993530 -0.000000 1.739227 -0.000173 
21 287.513550 0.000000 115.632534 99.985149 -0.000000 1.734083 -0.000004 
22 170.575796 0.000000 227.666535 99.985764 -0.000000 1.742385 -0.000019 
23 -63.299711 0.000000 115.632534 99.986105 -0.000000 1.745712 -0.000027 
24 -180.237465 0.000000 115.632534 99.984992 -0.000000 1.745446 -0.000005 
25 -63.299711 0.000000 227.666535 99.985858 -0.000000 1.745258 -0.000022 
1 1 12 10 11 
2 12 7 13 10 
3 10 13 5 14 
4 11 10 14 6 
5 7 16 15 13 
6 16 2 17 15 
7 15 17 8 18 
8 13 15 18 5 
9 5 18 19 20 
10 18 8 21 19 
11 19 21 3 22 
12 20 19 22 9 
13 6 14 23 24 
14 14 5 20 23 
15 23 20 9 25 
16 24 23 25 4 
