2 0.000000 100.000000 146.245686
25 16 
1 -213.943881 0.000000 -224.819368 99.619470 0.000000 8.715574 0.015474 
2 279.589215 0.000000 -224.819368 99.619470 0.000000 8.715574 0.015474 
3 279.589215 0.000000 233.731852 99.619470 0.000000 8.715574 0.015474 
4 -213.943881 0.000000 233.731852 99.619470 0.000000 8.715574 0.015474 
5 32.822667 0.000000 4.456242 100.037243 0.000000 7.836607 0.005432 
6 -213.943881 0.000000 4.456242 99.619470 0.000000 8.715574 0.015474 
7 32.822667 0.000000 -224.819368 99.619470 0.000000 8.715574 0.015474 
8 279.589215 0.000000 4.456242 99.712559 -0.006741 7.684422 0.011811 
9 32.822667 0.000000 233.731852 99.619470 0.000000 8.715574 0.015474 
10 -90.560607 0.000000 -110.181563 99.619470 0.000000 8.715574 0.015474 
11 -213.943881 0.000000 -110.181563 99.619470 0.000000 8.715574 0.015474 
12 -90.560607 0.000000 -224.819368 99.619470 0.000000 8.715574 0.015474 
13 32.822667 0.000000 -110.181563 99.619470 0.000000 8.715574 0.015474 
14 -90.560607 0.000000 4.456242 99.619470 0.000000 8.715574 0.015474 
15 156.205941 0.000000 -110.181563 99.619470 0.000000 8.715574 0.015474 
16 156.205941 0.000000 -224.819368 99.619470 0.000000 8.715574 0.015474 
17 279.589215 0.000000 -110.181563 99.566242 0.000000 8.588726 0.016346 
18 156.205941 0.000000 4.456242 99.670378 -0.010573 8.246697 0.013600 
19 156.205941 0.000000 119.094047 99.619470 0.000000 8.715574 0.015474 
20 32.822667 0.000000 119.094047 99.619470 0.000000 8.715574 0.015474 
21 279.589215 0.000000 119.094047 99.619470 0.000000 8.715574 0.015474 
22 156.205941 0.000000 233.731852 99.619470 0.000000 8.715574 0.015474 
23 -90.560607 0.000000 119.094047 99.619470 0.000000 8.715574 0.015474 
24 -213.943881 0.000000 119.094047 99.619470 0.000000 8.715574 0.015474 
25 -90.560607 0.000000 233.731852 99.619470 0.000000 8.715574 0.015474 
1 1 12 10 11 
2 12 7 13 10 
3 10 13 5 14 
4 11 10 14 6 
5 7 16 15 13 
6 16 2 17 15 
7 15 17 8 18 
8 13 15 18 5 
9 5 18 19 20 
10 18 8 21 19 
11 19 21 3 22 
12 20 19 22 9 
13 6 14 23 24 
14 14 5 20 23 
15 23 20 9 25 
16 24 23 25 4 
