2 0.000000 100.000000 5791.461216
25 16 
1 -213.943881 0.000000 -224.819368 99.617644 0.000203 8.716073 0.000036 
2 279.589215 0.000000 -224.819368 99.618285 0.001584 8.704089 0.000044 
3 279.589215 0.000000 233.731852 99.622538 -0.001988 8.700619 -0.000035 
4 -213.943881 0.000000 233.731852 99.621533 -0.000273 8.715908 -0.000042 
5 32.822667 0.000000 4.456242 100.886261 0.000484 8.741967 -0.025446 
6 -213.943881 0.000000 4.456242 99.619769 -0.000043 8.718186 -0.000011 
7 32.822667 0.000000 -224.819368 99.613541 0.000823 8.709559 0.000129 
8 279.589215 0.000000 4.456242 99.722390 0.020634 7.534887 -0.000133 
9 32.822667 0.000000 233.731852 99.625926 -0.000979 8.709121 -0.000117 
10 -90.560607 0.000000 -110.181563 99.612108 0.000336 8.717685 0.000143 
11 -213.943881 0.000000 -110.181563 99.617842 0.000116 8.717303 0.000029 
12 -90.560607 0.000000 -224.819368 99.615413 0.000408 8.714715 0.000082 
13 32.822667 0.000000 -110.181563 99.595027 0.001364 8.690969 0.000530 
14 -90.560607 0.000000 4.456242 99.620940 -0.000085 8.726453 -0.000048 
15 156.205941 0.000000 -110.181563 99.614641 0.003068 8.668062 0.000179 
16 156.205941 0.000000 -224.819368 99.615820 0.001315 8.704709 0.000092 
17 279.589215 0.000000 -110.181563 99.620778 0.003346 8.675068 0.000044 
18 156.205941 0.000000 4.456242 99.661349 0.025128 8.219985 0.000005 
19 156.205941 0.000000 119.094047 99.631310 -0.003743 8.660214 -0.000140 
20 32.822667 0.000000 119.094047 99.643768 -0.001646 8.691664 -0.000443 
21 279.589215 0.000000 119.094047 99.626904 -0.004745 8.648216 -0.000031 
22 156.205941 0.000000 233.731852 99.624461 -0.001568 8.703321 -0.000078 
23 -90.560607 0.000000 119.094047 99.627554 -0.000473 8.716829 -0.000163 
24 -213.943881 0.000000 119.094047 99.621522 -0.000197 8.717114 -0.000044 
25 -90.560607 0.000000 233.731852 99.623828 -0.000509 8.714390 -0.000085 
1 1 12 10 11 
2 12 7 13 10 
3 10 13 5 14 
4 11 10 14 6 
5 7 16 15 13 
6 16 2 17 15 
7 15 17 8 18 
8 13 15 18 5 
9 5 18 19 20 
10 18 8 21 19 
11 19 21 3 22 
12 20 19 22 9 
13 6 14 23 24 
14 14 5 20 23 
15 23 20 9 25 
16 24 23 25 4 
