2 0.000000 100.000000 5791.461216
25 16 
1 -180.237465 0.000000 -220.469468 99.617287 0.000000 8.716090 0.000043 
2 287.513550 0.000000 -220.469468 99.618126 0.000000 8.703358 0.000048 
3 287.513550 0.000000 227.666535 99.622802 0.000000 8.699597 -0.000039 
4 -180.237465 0.000000 227.666535 99.621910 0.000000 8.715931 -0.000049 
5 53.638043 0.000000 3.598533 99.187900 -0.000011 11.985149 0.001812 
6 -180.237465 0.000000 3.598533 99.619770 0.000000 8.718810 -0.000012 
7 53.638043 0.000000 -220.469468 99.613068 0.000000 8.708863 0.000139 
8 287.513550 0.000000 3.598533 99.685668 0.000093 7.953454 -0.000049 
9 53.638043 0.000000 227.666535 99.626554 0.000000 8.708325 -0.000129 
10 -63.299711 0.000000 -108.435467 99.610340 0.000000 8.717590 0.000178 
11 -180.237465 0.000000 -108.435467 99.617394 0.000000 8.717603 0.000038 
12 -63.299711 0.000000 -220.469468 99.614828 0.000000 8.714427 0.000094 
13 53.638043 0.000000 -108.435467 99.593540 0.000000 8.687252 0.000566 
14 -63.299711 0.000000 3.598533 99.620801 0.000000 8.729071 -0.000050 
15 170.575796 0.000000 -108.435467 99.614307 0.000001 8.665924 0.000189 
16 170.575796 0.000000 -220.469468 99.615546 0.000000 8.703985 0.000098 
17 287.513550 0.000000 -108.435467 99.620697 0.000001 8.673024 0.000050 
18 170.575796 0.000000 3.598533 99.555746 0.000063 9.422431 -0.000013 
19 170.575796 0.000000 115.632534 99.631952 0.000000 8.656762 -0.000147 
20 53.638043 0.000000 115.632534 99.646176 0.000000 8.687678 -0.000484 
21 287.513550 0.000000 115.632534 99.627308 0.000000 8.645163 -0.000034 
22 170.575796 0.000000 227.666535 99.624859 0.000000 8.702347 -0.000084 
23 -63.299711 0.000000 115.632534 99.629321 0.000000 8.716849 -0.000199 
24 -180.237465 0.000000 115.632534 99.621979 0.000000 8.717424 -0.000053 
25 -63.299711 0.000000 227.666535 99.624476 0.000000 8.714112 -0.000097 
1 1 12 10 11 
2 12 7 13 10 
3 10 13 5 14 
4 11 10 14 6 
5 7 16 15 13 
6 16 2 17 15 
7 15 17 8 18 
8 13 15 18 5 
9 5 18 19 20 
10 18 8 21 19 
11 19 21 3 22 
12 20 19 22 9 
13 6 14 23 24 
14 14 5 20 23 
15 23 20 9 25 
16 24 23 25 4 
