2 0.000000 100.000000 5791.461216
25 16 
1 -180.237465 0.000000 -220.469468 99.617030 -0.000000 8.716147 0.000048 
2 287.513550 0.000000 -220.469468 99.617967 -0.000000 8.701889 0.000054 
3 287.513550 0.000000 227.666535 99.623186 -0.000001 8.697767 -0.000043 
4 -180.237465 0.000000 227.666535 99.622190 -0.000000 8.715976 -0.000055 
5 53.638043 0.000000 3.598533 98.820744 -0.000011 12.511020 0.007793 
6 -180.237465 0.000000 3.598533 99.619793 -0.000000 8.719186 -0.000013 
7 53.638043 0.000000 -220.469468 99.612308 -0.000000 8.708063 0.000156 
8 287.513550 0.000000 3.598533 99.700946 -0.000085 7.779156 -0.000079 
9 53.638043 0.000000 227.666535 99.627377 -0.000000 8.707504 -0.000143 
10 -63.299711 0.000000 -108.435467 99.609255 -0.000000 8.717806 0.000200 
11 -180.237465 0.000000 -108.435467 99.617146 -0.000000 8.717836 0.000042 
12 -63.299711 0.000000 -220.469468 99.614280 -0.000000 8.714288 0.000106 
13 53.638043 0.000000 -108.435467 99.590430 -0.000001 8.683827 0.000634 
14 -63.299711 0.000000 3.598533 99.620868 -0.000000 8.730630 -0.000054 
15 170.575796 0.000000 -108.435467 99.613666 -0.000002 8.659812 0.000213 
16 170.575796 0.000000 -220.469468 99.615076 -0.000000 8.702595 0.000110 
17 287.513550 0.000000 -108.435467 99.620856 -0.000002 8.667789 0.000055 
18 170.575796 0.000000 3.598533 99.592274 -0.000067 9.004016 0.000031 
19 170.575796 0.000000 115.632534 99.633389 -0.000002 8.650205 -0.000164 
20 53.638043 0.000000 115.632534 99.649229 -0.000001 8.684643 -0.000539 
21 287.513550 0.000000 115.632534 99.628172 -0.000003 8.637392 -0.000038 
22 170.575796 0.000000 227.666535 99.625487 -0.000000 8.700832 -0.000094 
23 -63.299711 0.000000 115.632534 99.630431 -0.000000 8.717025 -0.000221 
24 -180.237465 0.000000 115.632534 99.622262 -0.000000 8.717643 -0.000059 
25 -63.299711 0.000000 227.666535 99.625052 -0.000000 8.713953 -0.000108 
1 1 12 10 11 
2 12 7 13 10 
3 10 13 5 14 
4 11 10 14 6 
5 7 16 15 13 
6 16 2 17 15 
7 15 17 8 18 
8 13 15 18 5 
9 5 18 19 20 
10 18 8 21 19 
11 19 21 3 22 
12 20 19 22 9 
13 6 14 23 24 
14 14 5 20 23 
15 23 20 9 25 
16 24 23 25 4 
