2 0.000000 100.000000 291.862339
62 43 
1 -144.530000 0.000000 -163.870000 99.615019 -0.000000 8.716934 0.000086 
2 207.520000 0.000000 -163.870000 99.616636 -0.000002 8.688039 0.000104 
3 207.520000 0.000000 167.670000 99.627177 -0.000002 8.676748 -0.000086 
4 -144.530000 0.000000 167.670000 99.624547 -0.000000 8.716720 -0.000103 
5 31.495000 0.000000 1.900000 99.733498 -0.000057 0.000000 0.005323 
6 -144.530000 0.000000 1.900000 99.619947 -0.000000 8.721411 -0.000020 
7 31.495000 0.000000 -163.870000 99.603664 -0.000001 8.701133 0.000340 
8 207.520000 0.000000 1.900000 99.833121 -0.000200 6.262206 -0.000587 
9 31.495000 0.000000 167.670000 99.637798 -0.000001 8.698921 -0.000336 
10 119.507500 0.000000 -80.985000 99.604879 -0.000007 8.602571 0.000486 
11 31.495000 0.000000 -80.985000 99.551426 -0.000004 8.657325 0.001456 
12 119.507500 0.000000 -163.870000 99.610142 -0.000001 8.689150 0.000232 
13 207.520000 0.000000 -80.985000 99.622525 -0.000006 8.622318 0.000101 
14 119.507500 0.000000 1.900000 100.039770 -0.000155 3.857666 -0.002284 
15 -56.517500 0.000000 -80.985000 99.598524 -0.000001 8.723833 0.000403 
16 -144.530000 0.000000 -80.985000 99.615633 -0.000000 8.719553 0.000069 
17 -56.517500 0.000000 -163.870000 99.609052 -0.000000 8.713971 0.000210 
18 -56.517500 0.000000 1.900000 99.621262 -0.000001 8.745951 -0.000089 
19 119.507500 0.000000 84.785000 99.652849 -0.000008 8.561459 -0.000399 
20 31.495000 0.000000 84.785000 99.696455 -0.000002 8.649492 -0.001420 
21 207.520000 0.000000 84.785000 99.638898 -0.000011 8.532960 -0.000072 
22 119.507500 0.000000 167.670000 99.632787 -0.000002 8.683204 -0.000209 
23 75.501250 0.000000 -39.542500 99.559576 -0.000328 8.280098 0.001933 
24 31.495000 0.000000 -39.542500 99.360384 -0.000014 8.478054 0.005564 
25 75.501250 0.000000 -80.985000 99.575100 -0.000006 8.606638 0.001073 
26 119.507500 0.000000 -39.542500 99.627664 -0.000026 8.346562 0.000466 
27 75.501250 0.000000 1.900000 100.183549 0.005217 1.996154 -0.004073 
28 -56.517500 0.000000 84.785000 99.642789 -0.000001 8.723020 -0.000478 
29 -144.530000 0.000000 84.785000 99.624146 -0.000000 8.719392 -0.000100 
30 -56.517500 0.000000 167.670000 99.631144 -0.000000 8.713315 -0.000229 
31 -12.511250 0.000000 -39.542500 99.537440 -0.000003 8.742007 0.001588 
32 -56.517500 0.000000 -39.542500 99.601107 -0.000001 8.736716 0.000329 
33 -12.511250 0.000000 -80.985000 99.570877 -0.000002 8.711854 0.000974 
34 -12.511250 0.000000 1.900000 99.625578 -0.000033 8.830973 -0.000324 
35 75.501250 0.000000 43.342500 99.745853 0.000254 8.153503 -0.001571 
36 31.495000 0.000000 43.342500 99.907218 0.000461 8.451471 -0.005288 
37 119.507500 0.000000 43.342500 99.693089 -0.000034 8.057030 -0.000363 
38 75.501250 0.000000 84.785000 99.678815 -0.000004 8.585620 -0.000958 
39 53.498125 0.000000 -18.821250 99.405537 -0.003785 7.272529 0.006565 
40 31.495000 0.000000 -18.821250 98.791707 -0.001837 7.884966 0.017803 
41 53.498125 0.000000 -39.542500 99.456202 -0.000025 8.297380 0.003962 
42 75.501250 0.000000 -18.821250 99.639054 -0.000102 7.423461 0.001695 
43 53.498125 0.000000 1.900000 100.133919 0.002363 1.707923 -0.002972 
44 -12.511250 0.000000 43.342500 99.709932 -0.000001 8.739192 -0.001844 
45 -56.517500 0.000000 43.342500 99.640995 -0.000001 8.736108 -0.000465 
46 -12.511250 0.000000 84.785000 99.672726 -0.000001 8.709432 -0.001051 
47 9.491875 0.000000 -18.821250 99.280826 -0.000014 8.764671 0.006650 
48 -12.511250 0.000000 -18.821250 99.544539 0.000162 8.791146 0.001360 
49 9.491875 0.000000 -39.542500 99.435341 -0.000249 8.688678 0.003712 
50 9.491875 0.000000 1.900000 99.636286 -0.000012 9.229072 -0.001257 
51 53.498125 0.000000 22.621250 100.014588 0.002686 7.033802 -0.005239 
52 31.495000 0.000000 22.621250 100.525986 0.000840 7.836443 -0.016688 
53 75.501250 0.000000 22.621250 99.844122 -0.000072 6.807707 -0.001519 
54 53.498125 0.000000 43.342500 99.832027 0.000504 8.235861 -0.003426 
55 42.496562 0.000000 -8.460625 98.725893 -0.000100 5.194133 0.022622 
56 31.495000 0.000000 -8.460625 97.763411 -0.000969 6.381967 0.040159 
57 42.496562 0.000000 -18.821250 99.060657 -0.002397 7.380363 0.013252 
58 53.498125 0.000000 -8.460625 99.547391 -0.000194 5.238728 0.006287 
59 42.496562 0.000000 1.900000 101.345272 0.000361 1.156183 -0.027220 
60 9.491875 0.000000 22.621250 99.983180 0.000248 8.756384 -0.007331 
61 -12.511250 0.000000 22.621250 99.705335 -0.000001 8.789109 -0.001840 
62 9.491875 0.000000 43.342500 99.819209 -0.000603 8.680527 -0.003923 
1 7 12 10 11 
2 12 2 13 10 
3 10 13 8 14 
4 1 17 15 16 
5 17 7 11 15 
6 16 15 18 6 
7 14 8 21 19 
8 19 21 3 22 
9 20 19 22 9 
10 11 25 23 24 
11 25 10 26 23 
12 23 26 14 27 
13 6 18 28 29 
14 28 20 9 30 
15 29 28 30 4 
16 15 33 31 32 
17 33 11 24 31 
18 32 31 34 18 
19 27 14 37 35 
20 35 37 19 38 
21 36 35 38 20 
22 24 41 39 40 
23 41 23 42 39 
24 39 42 27 43 
25 18 34 44 45 
26 44 36 20 46 
27 45 44 46 28 
28 31 49 47 48 
29 49 24 40 47 
30 47 40 5 50 
31 48 47 50 34 
32 5 43 51 52 
33 43 27 53 51 
34 51 53 35 54 
35 52 51 54 36 
36 40 57 55 56 
37 57 39 58 55 
38 55 58 43 59 
39 56 55 59 5 
40 34 50 60 61 
41 50 5 52 60 
42 60 52 36 62 
43 61 60 62 44 
