2 0.000000 100.000000 5791.461216
1040 889 
1 -234.650000 0.000000 -237.029800 99.999922 0.000001 -0.000151 0.000002 
2 281.580000 0.000000 -237.029800 99.999934 -0.000010 -0.000099 0.000001 
3 281.580000 0.000000 240.470000 99.999958 0.000010 -0.000386 0.000001 
4 -234.650000 0.000000 240.470000 99.999968 0.000006 0.000114 0.000001 
5 23.465000 0.000000 1.720100 112.829856 0.122166 4.196773 -0.274820 
6 -234.650000 0.000000 1.720100 99.999555 0.000010 0.000009 0.000009 
7 23.465000 0.000000 -237.029800 100.000246 -0.000001 -0.000150 -0.000005 
8 281.580000 0.000000 1.720100 99.999752 -0.039035 -6.059437 -0.003667 
9 23.465000 0.000000 240.470000 100.000327 0.000017 -0.000138 -0.000007 
10 -105.592500 0.000000 -117.654850 99.999422 0.000025 -0.001140 0.000012 
11 -234.650000 0.000000 -117.654850 99.999726 0.000005 -0.000198 0.000005 
12 -105.592500 0.000000 -237.029800 100.000016 0.000002 -0.000305 -0.000000 
13 23.465000 0.000000 -117.654850 100.002177 0.000048 -0.000735 -0.000044 
14 -105.592500 0.000000 1.720100 99.996443 0.000101 0.000183 0.000071 
15 152.522500 0.000000 -117.654850 99.999528 -0.000012 0.000242 0.000009 
16 152.522500 0.000000 -237.029800 100.000046 -0.000007 0.000042 -0.000001 
17 281.580000 0.000000 -117.654850 99.999733 -0.000020 -0.000774 0.000005 
18 152.522500 0.000000 1.720100 99.996191 -0.037936 -6.047018 -0.003581 
19 -105.592500 0.000000 121.095050 99.999705 0.000037 0.000954 0.000006 
20 -234.650000 0.000000 121.095050 99.999783 0.000009 0.000182 0.000004 
21 23.465000 0.000000 121.095050 100.002288 0.000089 -0.000505 -0.000046 
22 -105.592500 0.000000 240.470000 100.000104 0.000012 0.000181 -0.000002 
23 -41.063750 0.000000 -57.967375 99.978688 0.001196 0.007127 0.000426 
24 -105.592500 0.000000 -57.967375 99.997832 0.000064 -0.001512 0.000043 
25 -41.063750 0.000000 -117.654850 100.000244 0.000052 -0.002266 -0.000005 
26 23.465000 0.000000 -57.967375 100.006192 0.137049 0.001054 -0.000126 
27 -41.063750 0.000000 1.720100 99.964990 -0.002689 0.001844 0.000700 
28 152.522500 0.000000 121.095050 99.999635 0.000025 -0.002107 0.000007 
29 281.580000 0.000000 121.095050 99.999758 0.000008 -0.001291 0.000005 
30 152.522500 0.000000 240.470000 100.000094 0.000014 -0.000459 -0.000002 
31 87.993750 0.000000 -57.967375 99.995010 0.000023 0.005119 0.000100 
32 87.993750 0.000000 -117.654850 100.000555 0.000005 0.001224 -0.000011 
33 152.522500 0.000000 -57.967375 99.997818 0.000002 -0.001893 0.000044 
34 87.993750 0.000000 1.720100 99.952872 -0.030686 -6.067298 -0.002739 
35 -41.063750 0.000000 61.407575 100.014571 -0.007341 0.023748 -0.000291 
36 -105.592500 0.000000 61.407575 99.998277 0.000073 0.001518 0.000034 
37 23.465000 0.000000 61.407575 100.092400 -0.107559 0.004247 -0.001850 
38 -41.063750 0.000000 121.095050 100.000682 0.000075 0.001552 -0.000014 
39 -8.799375 0.000000 -28.123637 99.958896 0.076130 -0.071679 0.000821 
40 -41.063750 0.000000 -28.123637 99.980730 -0.001110 -0.010579 0.000385 
41 -8.799375 0.000000 -57.967375 100.014397 0.134325 -0.016424 -0.000290 
42 23.465000 0.000000 -28.123637 100.174128 0.100255 -0.006772 -0.003487 
43 -8.799375 0.000000 1.720100 99.509915 -0.062069 0.044163 0.009777 
44 87.993750 0.000000 61.407575 99.999169 0.000022 -0.014650 0.000017 
45 152.522500 0.000000 61.407575 99.997995 -0.000031 -0.006213 0.000040 
46 87.993750 0.000000 121.095050 100.000687 0.000052 -0.002719 -0.000014 
47 55.729375 0.000000 -28.123637 100.044240 0.053663 0.153725 -0.000888 
48 55.729375 0.000000 -57.967375 99.986370 -0.001892 -0.000270 0.000273 
49 87.993750 0.000000 -28.123637 99.970050 -0.016066 -0.013025 0.000599 
50 55.729375 0.000000 1.720100 98.689857 0.124336 -5.998982 0.022431 
51 -8.799375 0.000000 31.563838 100.002134 -0.093997 0.092600 -0.000044 
52 -41.063750 0.000000 31.563838 99.984608 -0.002051 0.018999 0.000308 
53 23.465000 0.000000 31.563838 100.135968 -0.095241 0.021253 -0.002722 
54 -8.799375 0.000000 61.407575 100.004574 -0.137494 0.016267 -0.000093 
55 7.332812 0.000000 -13.201769 99.903163 0.045767 -0.610845 0.001898 
56 -8.799375 0.000000 -13.201769 99.847889 0.058250 -0.189664 0.003036 
57 7.332812 0.000000 -28.123637 100.028212 0.044883 -0.100454 -0.000566 
58 23.465000 0.000000 -13.201769 100.474478 0.030160 -0.298838 -0.009521 
59 7.332812 0.000000 1.720100 106.574031 0.125639 10.771235 -0.147406 
60 -170.121250 0.000000 -57.967375 99.999145 0.000019 -0.000377 0.000017 
61 -234.650000 0.000000 -57.967375 99.999600 0.000008 -0.000132 0.000008 
62 -170.121250 0.000000 -117.654850 99.999555 0.000011 -0.000458 0.000009 
63 -170.121250 0.000000 1.720100 99.998948 0.000025 0.000035 0.000021 
64 -73.328125 0.000000 -28.123637 99.992544 0.000229 -0.001135 0.000149 
65 -105.592500 0.000000 -28.123637 99.996798 0.000088 -0.000968 0.000064 
66 -73.328125 0.000000 -57.967375 99.996471 0.000137 -0.003578 0.000071 
67 -73.328125 0.000000 1.720100 99.991486 0.000282 0.002561 0.000170 
68 -24.931563 0.000000 -13.201769 99.917908 0.049629 0.017668 0.001641 
69 -41.063750 0.000000 -13.201769 99.970517 -0.001452 -0.009558 0.000590 
70 -24.931563 0.000000 -28.123637 99.950458 0.026807 0.009965 0.000991 
71 -24.931563 0.000000 1.720100 99.902929 -0.014059 0.046781 0.001940 
72 55.729375 0.000000 31.563838 99.988215 -0.043509 -0.074421 0.000235 
73 87.993750 0.000000 31.563838 100.007661 0.016208 -0.085075 -0.000154 
74 55.729375 0.000000 61.407575 100.058091 0.022252 -0.042487 -0.001162 
75 7.332812 0.000000 16.641969 100.189813 -0.134984 0.502361 -0.003827 
76 -8.799375 0.000000 16.641969 99.873148 -0.050234 0.142912 0.002533 
77 23.465000 0.000000 16.641969 100.322076 -0.021904 -0.064884 -0.006452 
78 7.332812 0.000000 31.563838 100.115632 -0.088235 0.099391 -0.002316 
79 -0.733281 0.000000 -5.740834 99.113462 0.018826 -0.897031 0.017572 
80 -8.799375 0.000000 -5.740834 99.637814 0.070905 -0.192128 0.007226 
81 -0.733281 0.000000 -13.201769 99.850958 0.109378 -0.425670 0.002959 
82 7.332812 0.000000 -5.740834 99.618770 0.092892 -1.921234 0.007240 
83 -0.733281 0.000000 1.720100 97.311784 0.013284 1.301784 0.052872 
84 39.597187 0.000000 -13.201769 100.186255 0.056807 0.380434 -0.003743 
85 39.597187 0.000000 -28.123637 100.072967 0.010641 0.070619 -0.001460 
86 55.729375 0.000000 -13.201769 99.806033 0.065717 0.310938 0.003865 
87 39.597187 0.000000 1.720100 101.758749 -0.199668 -2.944408 -0.036355 
88 15.398906 0.000000 -5.740834 100.536926 -0.055289 -1.685305 -0.011052 
89 15.398906 0.000000 -13.201769 100.268207 0.127906 -0.458451 -0.005394 
90 23.465000 0.000000 -5.740834 100.507273 -0.035836 -0.866198 -0.010246 
91 15.398906 0.000000 1.720100 105.484105 0.173228 3.529130 -0.113938 
92 -170.121250 0.000000 61.407575 99.999257 0.000023 0.000398 0.000015 
93 -234.650000 0.000000 61.407575 99.999639 0.000010 0.000139 0.000007 
94 -170.121250 0.000000 121.095050 99.999680 0.000017 0.000412 0.000006 
95 -73.328125 0.000000 31.563838 99.994669 0.000234 0.005176 0.000107 
96 -105.592500 0.000000 31.563838 99.997139 0.000093 0.001205 0.000057 
97 -73.328125 0.000000 61.407575 99.997510 0.000150 0.003361 0.000050 
98 -24.931563 0.000000 16.641969 99.952911 -0.064322 0.092774 0.000940 
99 -41.063750 0.000000 16.641969 99.971660 -0.003083 0.013110 0.000567 
100 -24.931563 0.000000 31.563838 99.998626 -0.038055 0.079424 0.000027 
101 -0.733281 0.000000 9.181034 99.524294 -0.210536 0.618827 0.009449 
102 -8.799375 0.000000 9.181034 99.723810 -0.072326 0.180797 0.005512 
103 7.332812 0.000000 9.181034 99.978733 -0.218246 1.316260 0.000247 
104 -0.733281 0.000000 16.641969 99.890518 -0.041599 0.293094 0.002180 
105 3.299766 0.000000 -2.010367 106.696187 0.062890 -20.142454 -0.178980 
106 -0.733281 0.000000 -2.010367 97.555935 0.017104 -1.292577 0.048117 
107 3.299766 0.000000 -5.740834 99.179125 -0.016393 -1.785155 0.016031 
108 7.332812 0.000000 -2.010367 106.416534 0.148468 -10.817328 -0.144152 
109 3.299766 0.000000 1.720100 106.339217 0.046340 17.247264 -0.160550 
110 -16.865469 0.000000 -5.740834 99.837754 -0.040518 -0.089578 0.003241 
111 -24.931563 0.000000 -5.740834 99.906272 0.049749 0.001992 0.001873 
112 -16.865469 0.000000 -13.201769 99.900093 0.029505 -0.127060 0.001995 
113 -16.865469 0.000000 1.720100 99.809006 -0.084551 -0.046299 0.003815 
114 -4.766328 0.000000 -2.010367 99.092043 0.020217 -0.189836 0.018073 
115 -8.799375 0.000000 -2.010367 99.524867 0.021781 -0.097113 0.009479 
116 -4.766328 0.000000 -5.740834 99.426741 0.220008 -0.431869 0.011409 
117 -4.766328 0.000000 1.720100 99.074723 0.020323 0.190879 0.018416 
118 39.597187 0.000000 16.641969 100.234706 -0.169267 -0.328805 -0.004713 
119 55.729375 0.000000 16.641969 99.894661 -0.003518 -0.303831 0.002096 
120 39.597187 0.000000 31.563838 100.052138 -0.003333 -0.081700 -0.001044 
121 15.398906 0.000000 9.181034 100.765884 0.242605 0.958065 -0.015474 
122 23.465000 0.000000 9.181034 100.787869 -0.040425 -0.766522 -0.015878 
123 15.398906 0.000000 16.641969 100.195627 -0.025338 0.164879 -0.003919 
124 3.299766 0.000000 5.450567 99.158995 0.038081 1.915377 0.016382 
125 -0.733281 0.000000 5.450567 99.057754 0.010383 0.952830 0.018665 
126 7.332812 0.000000 5.450567 99.655711 -0.189131 2.385505 0.006301 
127 3.299766 0.000000 9.181034 99.646323 -0.144233 1.058157 0.006947 
128 1.283242 0.000000 -0.145134 108.320897 0.023782 -1.460632 -0.173555 
129 -0.733281 0.000000 -0.145134 95.843242 0.015571 -0.199986 0.081403 
130 1.283242 0.000000 -2.010367 96.696856 0.074211 -3.905457 0.063446 
131 3.299766 0.000000 -0.145134 106.267486 0.030314 -3.419793 -0.130447 
132 1.283242 0.000000 1.720100 96.125879 0.082523 4.856058 0.073623 
133 11.365859 0.000000 -2.010367 106.246474 0.152394 -7.154321 -0.133952 
134 11.365859 0.000000 -5.740834 100.168641 0.129223 -2.059427 -0.003801 
135 15.398906 0.000000 -2.010367 105.253066 0.166111 -3.442760 -0.109009 
136 11.365859 0.000000 1.720100 106.551445 0.152547 7.382482 -0.140773 
137 5.316289 0.000000 -0.145134 106.239815 0.020023 -1.980689 -0.129082 
138 5.316289 0.000000 -2.010367 106.422717 0.036385 -13.791099 -0.151599 
139 7.332812 0.000000 -0.145134 106.439841 0.085313 -0.520649 -0.132972 
140 5.316289 0.000000 1.720100 106.389133 0.022053 13.383596 -0.149777 
141 -41.063750 0.000000 -177.342325 100.000271 0.000011 -0.000712 -0.000005 
142 -105.592500 0.000000 -177.342325 99.999912 0.000008 -0.000590 0.000002 
143 -41.063750 0.000000 -237.029800 100.000154 0.000001 -0.000299 -0.000003 
144 23.465000 0.000000 -177.342325 100.000615 0.000007 -0.000284 -0.000012 
145 -8.799375 0.000000 -87.811112 100.000408 0.000167 -0.004407 -0.000008 
146 -41.063750 0.000000 -87.811112 99.998189 0.000124 -0.003545 0.000036 
147 -8.799375 0.000000 -117.654850 100.001394 0.000058 -0.002094 -0.000028 
148 23.465000 0.000000 -87.811112 100.002687 0.000142 -0.001354 -0.000054 
149 7.332812 0.000000 -43.045506 100.005692 0.005953 -0.036123 -0.000114 
150 -8.799375 0.000000 -43.045506 99.983341 0.072604 -0.021717 0.000333 
151 7.332812 0.000000 -57.967375 99.981442 -0.024931 0.002388 0.000371 
152 23.465000 0.000000 -43.045506 100.023621 0.004541 -0.011961 -0.000472 
153 -0.733281 0.000000 -20.662703 99.944288 0.064764 -0.186979 0.001110 
154 -8.799375 0.000000 -20.662703 99.937631 -0.008588 -0.130040 0.001245 
155 -0.733281 0.000000 -28.123637 99.997732 0.013685 -0.109272 0.000044 
156 7.332812 0.000000 -20.662703 100.044843 0.050248 -0.225409 -0.000902 
157 3.299766 0.000000 -9.471302 99.683039 0.256604 -0.871887 0.006247 
158 -0.733281 0.000000 -9.471302 99.641057 0.214548 -0.612028 0.007124 
159 3.299766 0.000000 -13.201769 99.851932 0.095694 -0.471198 0.002936 
160 7.332812 0.000000 -9.471302 99.836695 0.082317 -0.970762 0.003169 
161 5.316289 0.000000 -3.875601 99.057096 0.044166 -3.431254 0.017592 
162 3.299766 0.000000 -3.875601 98.651978 0.037125 -2.972092 0.025895 
163 5.316289 0.000000 -5.740834 99.184336 0.450639 -2.143025 0.015767 
164 7.332812 0.000000 -3.875601 99.415399 0.402324 -3.481608 0.010430 
165 4.308027 0.000000 -1.077750 106.247318 0.050854 -13.729338 -0.147699 
166 3.299766 0.000000 -1.077750 106.230945 0.041117 -14.207913 -0.148688 
167 4.308027 0.000000 -2.010367 106.158122 0.055685 -15.433926 -0.150776 
168 5.316289 0.000000 -1.077750 106.200560 0.033407 -12.100174 -0.142497 
169 4.308027 0.000000 -0.145134 106.117738 0.034116 -1.144888 -0.126229 
170 11.365859 0.000000 5.450567 100.437258 0.142466 2.505146 -0.009394 
171 15.398906 0.000000 5.450567 101.078425 -0.010906 1.836167 -0.022022 
172 11.365859 0.000000 9.181034 100.363274 0.068637 1.205441 -0.007424 
173 5.316289 0.000000 3.585334 99.087375 0.041793 4.000942 0.016568 
174 3.299766 0.000000 3.585334 98.578846 0.041731 3.372667 0.027083 
175 7.332812 0.000000 3.585334 99.667755 0.179606 3.997433 0.005033 
176 5.316289 0.000000 5.450567 99.604486 0.080620 2.257352 0.007384 
177 4.308027 0.000000 0.787483 106.287888 0.040707 12.372103 -0.145019 
178 3.299766 0.000000 0.787483 106.309649 0.031517 12.483909 -0.145759 
179 5.316289 0.000000 0.787483 106.298487 0.018106 11.041235 -0.142128 
180 4.308027 0.000000 1.720100 106.145844 0.046797 14.506942 -0.147739 
181 9.349336 0.000000 -0.145134 106.428767 0.209181 -7.414867 -0.138211 
182 9.349336 0.000000 -2.010367 106.458008 0.264443 -8.861358 -0.141190 
183 11.365859 0.000000 -0.145134 -8.613621 -0.005439 0.013227 0.992581 
184 9.349336 0.000000 1.720100 106.638089 0.168055 8.735035 -0.144801 
185 15.398906 0.000000 -20.662703 100.135138 -0.010889 -0.206069 -0.002709 
186 15.398906 0.000000 -28.123637 100.134305 0.139799 -0.127231 -0.002691 
187 23.465000 0.000000 -20.662703 100.067105 0.024692 -0.074598 -0.001343 
188 11.365859 0.000000 -9.471302 100.164978 0.111377 -1.030291 -0.003410 
189 11.365859 0.000000 -13.201769 99.945957 0.057974 -0.448700 0.001060 
190 15.398906 0.000000 -9.471302 100.290636 0.016393 -0.837128 -0.005891 
191 9.349336 0.000000 -3.875601 99.978065 0.183310 -3.579552 -0.000846 
192 9.349336 0.000000 -5.740834 100.025349 0.222302 -2.208596 -0.001000 
193 11.365859 0.000000 -3.875601 100.409738 0.064401 -3.504602 -0.009440 
194 31.531094 0.000000 -5.740834 100.884404 -0.099378 0.753684 -0.017824 
195 31.531094 0.000000 -13.201769 100.356748 -0.165310 0.144281 -0.007152 
196 39.597187 0.000000 -5.740834 99.897468 -0.221966 1.462459 0.001831 
197 31.531094 0.000000 1.720100 99.180890 -0.212657 -1.835063 0.015974 
198 19.431953 0.000000 -2.010367 102.153297 -0.028695 -2.208430 -0.044017 
199 19.431953 0.000000 -5.740834 100.476026 -0.158974 -1.087819 -0.009664 
200 23.465000 0.000000 -2.010367 102.339044 -0.206374 -4.465291 -0.049326 
201 19.431953 0.000000 1.720100 100.977282 -0.075389 1.506533 -0.019869 
202 13.382383 0.000000 -0.145134 -10.494525 -0.075920 0.028490 0.988986 
203 13.382383 0.000000 -2.010367 105.773865 0.082608 -5.549091 -0.121891 
204 15.398906 0.000000 -0.145134 -14.556909 0.023677 -0.475510 0.978787 
205 13.382383 0.000000 1.720100 106.187619 0.112424 5.644495 -0.130768 
206 10.357598 0.000000 -1.077750 106.356129 0.198946 -7.528890 -0.136835 
207 9.349336 0.000000 -1.077750 106.414499 0.238311 -8.272129 -0.139253 
208 10.357598 0.000000 -2.010367 106.393051 0.219787 -8.083438 -0.138487 
209 11.365859 0.000000 -1.077750 106.213432 0.142619 -6.876652 -0.132860 
210 10.357598 0.000000 -0.145134 106.376109 0.216959 -8.076232 -0.138115 
211 31.531094 0.000000 9.181034 100.013408 0.030657 -0.685851 -0.000315 
212 39.597187 0.000000 9.181034 100.270468 0.048862 -0.448920 -0.005437 
213 31.531094 0.000000 16.641969 100.186513 0.128403 -0.116280 -0.003737 
214 19.431953 0.000000 5.450567 102.070709 0.292599 1.213572 -0.041999 
215 23.465000 0.000000 5.450567 102.038795 0.081432 -3.228940 -0.042235 
216 19.431953 0.000000 9.181034 101.087660 0.210610 0.465977 -0.021898 
217 13.382383 0.000000 3.585334 101.069032 0.199779 3.862664 -0.022991 
218 11.365859 0.000000 3.585334 100.651400 0.183408 4.145977 -0.014793 
219 15.398906 0.000000 3.585334 101.668205 0.078631 3.067928 -0.034584 
220 13.382383 0.000000 5.450567 100.842362 0.237277 2.299240 -0.017452 
221 17.415430 0.000000 -0.145134 -20.013171 0.124599 0.020411 0.959946 
222 17.415430 0.000000 -2.010367 103.671285 0.201050 -0.872993 -0.074854 
223 19.431953 0.000000 -0.145134 -23.165117 -0.014034 0.241659 0.946332 
224 17.415430 0.000000 1.720100 103.340542 0.280423 0.915184 -0.068018 
225 19.431953 0.000000 -9.471302 100.343632 -0.058511 -0.646137 -0.006927 
226 19.431953 0.000000 -13.201769 100.498046 0.026867 -0.184820 -0.009989 
227 23.465000 0.000000 -9.471302 100.396722 -0.289006 -0.197415 -0.007962 
228 17.415430 0.000000 -3.875601 101.095593 -0.146668 -1.904380 -0.022397 
229 15.398906 0.000000 -3.875601 100.914800 -0.016500 -2.656342 -0.019085 
230 17.415430 0.000000 -5.740834 100.698743 0.072797 -1.337095 -0.014203 
231 19.431953 0.000000 -3.875601 100.459859 -0.134689 -1.248526 -0.009376 
232 16.407168 0.000000 -1.077750 104.920512 0.159752 -2.686901 -0.101556 
233 15.398906 0.000000 -1.077750 105.379519 0.165540 -3.680147 -0.111841 
234 16.407168 0.000000 -2.010367 104.578017 0.178402 -2.061409 -0.094084 
235 17.415430 0.000000 -1.077750 103.980842 0.214620 -1.013321 -0.081309 
236 16.407168 0.000000 -0.145134 -17.251230 0.039368 -0.241233 0.970234 
237 17.415430 0.000000 3.585334 101.699637 0.154051 2.758965 -0.035045 
238 19.431953 0.000000 3.585334 101.923351 -0.053476 3.192244 -0.039856 
239 17.415430 0.000000 5.450567 101.537367 0.068245 1.757762 -0.031293 
240 16.407168 0.000000 2.652717 104.869444 0.221988 2.517686 -0.100399 
241 15.398906 0.000000 2.652717 105.517816 0.180911 3.674449 -0.114754 
242 16.407168 0.000000 1.720100 104.780760 0.224063 2.358166 -0.098462 
243 17.415430 0.000000 2.652717 103.635627 0.300736 1.064727 -0.074157 
244 16.407168 0.000000 3.585334 101.872055 0.105455 3.001682 -0.038694 
245 27.498047 0.000000 -2.010367 104.300604 -0.210064 -2.835922 -0.088670 
246 27.498047 0.000000 -5.740834 100.867841 0.041744 -0.250035 -0.017439 
247 31.531094 0.000000 -2.010367 102.980339 -0.226298 1.753553 -0.060808 
248 27.498047 0.000000 1.720100 97.617366 -0.051090 2.389931 0.046514 
249 21.448477 0.000000 -3.875601 100.308705 -0.059996 -1.528832 -0.006418 
250 21.448477 0.000000 -5.740834 100.335201 -0.037796 -0.746763 -0.006771 
251 23.465000 0.000000 -3.875601 100.357543 -0.057080 -1.845391 -0.007505 
252 21.448477 0.000000 -2.010367 101.230117 -0.061722 -3.731206 -0.026146 
253 18.423691 0.000000 -2.942984 101.207374 0.128899 -1.935101 -0.024669 
254 17.415430 0.000000 -2.942984 103.950981 0.219385 -1.033140 -0.080692 
255 18.423691 0.000000 -3.875601 100.817384 -0.199148 -1.606604 -0.016677 
256 19.431953 0.000000 -2.942984 100.571135 0.102755 -1.772289 -0.011770 
257 18.423691 0.000000 -2.010367 102.681609 0.101326 -1.084575 -0.054470 
258 27.498047 0.000000 5.450567 99.620132 -0.244000 -2.002483 0.007176 
259 31.531094 0.000000 5.450567 99.835212 -0.032309 -1.317660 0.003119 
260 27.498047 0.000000 9.181034 100.340656 -0.153895 -1.031743 -0.006934 
261 21.448477 0.000000 3.585334 106.480289 -0.010724 2.812001 -0.134596 
262 21.448477 0.000000 1.720100 101.439006 0.089209 2.645384 -0.029688 
263 23.465000 0.000000 3.585334 105.974236 0.025994 -9.299360 -0.131702 
264 21.448477 0.000000 5.450567 102.854768 -0.047386 -0.827216 -0.057979 
265 18.423691 0.000000 2.652717 102.549657 0.181008 0.939014 -0.051735 
266 18.423691 0.000000 1.720100 100.218154 0.147262 1.610274 -0.004629 
267 19.431953 0.000000 2.652717 103.983214 -0.107634 2.230214 -0.081749 
268 18.423691 0.000000 3.585334 101.527303 0.327549 3.105797 -0.031755 
269 21.448477 0.000000 -0.145134 -23.890119 0.012979 -5.847239 0.939507 
270 23.465000 0.000000 -0.145134 -3.530587 -0.084950 -20.995425 0.954672 
271 20.440215 0.000000 -2.942984 100.406392 -0.048432 -2.097564 -0.008585 
272 20.440215 0.000000 -3.875601 100.386317 -0.052106 -1.403199 -0.007938 
273 21.448477 0.000000 -2.942984 101.018187 -0.107831 -4.098613 -0.022148 
274 20.440215 0.000000 -2.010367 101.617237 -0.038743 -3.086606 -0.033559 
275 20.440215 0.000000 2.652717 106.792055 -0.117431 2.906042 -0.141300 
276 20.440215 0.000000 1.720100 104.103206 -0.062199 2.121123 -0.084198 
277 21.448477 0.000000 2.652717 104.052574 0.046394 4.179354 -0.084441 
278 20.440215 0.000000 3.585334 103.594209 0.000706 3.469982 -0.074380 
279 87.993750 0.000000 -177.342325 100.000351 -0.000003 0.000207 -0.000007 
280 87.993750 0.000000 -237.029800 100.000181 -0.000004 0.000013 -0.000004 
281 152.522500 0.000000 -177.342325 99.999974 -0.000009 0.000149 0.000001 
282 55.729375 0.000000 -87.811112 100.001033 0.000066 0.002251 -0.000021 
283 55.729375 0.000000 -117.654850 100.001677 0.000025 0.000788 -0.000034 
284 87.993750 0.000000 -87.811112 99.998618 0.000015 0.001984 0.000028 
285 39.597187 0.000000 -43.045506 99.994559 0.057270 0.024285 0.000108 
286 39.597187 0.000000 -57.967375 99.986294 0.008015 -0.004429 0.000274 
287 55.729375 0.000000 -43.045506 99.968886 0.100684 0.006517 0.000621 
288 31.531094 0.000000 -20.662703 100.210050 0.056208 0.080637 -0.004206 
289 31.531094 0.000000 -28.123637 100.106607 0.029183 0.013111 -0.002133 
290 39.597187 0.000000 -20.662703 100.133168 0.079633 0.152888 -0.002668 
291 27.498047 0.000000 -9.471302 100.519613 -0.272124 0.075790 -0.010427 
292 27.498047 0.000000 -13.201769 100.388534 -0.233128 -0.040480 -0.007791 
293 31.531094 0.000000 -9.471302 100.487225 -0.055811 0.334293 -0.009780 
294 25.481523 0.000000 -3.875601 100.854873 -0.100723 -1.806889 -0.017498 
295 25.481523 0.000000 -5.740834 100.489126 -0.196541 -0.936616 -0.009898 
296 27.498047 0.000000 -3.875601 101.443259 -0.158643 -1.313659 -0.029249 
297 25.481523 0.000000 -2.010367 104.215503 -0.117112 -4.155382 -0.087815 
298 22.456738 0.000000 -2.942984 101.616155 -0.249277 -4.449719 -0.034571 
299 22.456738 0.000000 -3.875601 100.297829 -0.034368 -1.683260 -0.006249 
300 23.465000 0.000000 -2.942984 102.720491 -0.186160 -4.544660 -0.057219 
301 22.456738 0.000000 -2.010367 101.380811 -0.176729 -4.171907 -0.029550 
302 20.440215 0.000000 -1.077750 -22.366481 -0.030877 -1.280123 0.949810 
303 19.431953 0.000000 -1.077750 -23.217936 -0.035230 -0.210553 0.946088 
304 21.448477 0.000000 -1.077750 -19.615102 0.017211 -3.429713 0.960348 
305 20.440215 0.000000 -0.145134 -24.139442 -0.018242 -1.323122 0.941554 
306 20.944346 0.000000 -2.476676 101.433931 -0.026647 -3.403293 -0.030043 
307 20.440215 0.000000 -2.476676 101.609949 -0.037827 -3.124728 -0.033435 
308 20.944346 0.000000 -2.942984 101.381685 -0.024930 -3.570882 -0.029100 
309 21.448477 0.000000 -2.476676 101.206202 -0.063693 -3.753092 -0.025679 
310 20.944346 0.000000 -2.010367 101.408684 -0.025814 -3.486131 -0.029587 
311 20.440215 0.000000 0.787483 -26.898469 -0.012874 0.632247 0.927607 
312 19.431953 0.000000 0.787483 -23.636419 -0.055399 1.792426 0.943810 
313 21.448477 0.000000 0.787483 -31.510640 0.010765 -4.398653 0.898773 
314 25.481523 0.000000 3.585334 96.256481 -0.009922 -4.473904 0.071467 
315 25.481523 0.000000 1.720100 96.539103 -0.195574 2.716991 0.067278 
316 27.498047 0.000000 3.585334 98.639422 0.065210 -1.214474 0.026879 
317 25.481523 0.000000 5.450567 99.586214 0.014997 -2.728045 0.007514 
318 22.456738 0.000000 2.652717 102.869978 0.263720 4.833345 -0.060566 
319 22.456738 0.000000 1.720100 107.116754 0.299101 8.591404 -0.154790 
320 23.465000 0.000000 2.652717 109.572201 0.161014 4.486198 -0.202622 
321 22.456738 0.000000 3.585334 109.662844 -0.004915 -1.837810 -0.202932 
322 20.944346 0.000000 2.186408 107.082032 -0.060496 3.085569 -0.147609 
323 20.440215 0.000000 2.186408 105.140244 -0.103617 2.600640 -0.106125 
324 20.944346 0.000000 1.720100 106.660648 -0.028840 2.308449 -0.138182 
325 21.448477 0.000000 2.186408 102.946419 0.057100 3.230228 -0.060840 
326 20.944346 0.000000 2.652717 108.111956 -0.104635 4.122109 -0.170520 
327 25.481523 0.000000 -0.145134 18.519377 -0.002028 -9.424712 0.956821 
328 27.498047 0.000000 -0.145134 20.107640 0.047854 -2.493310 0.958946 
329 24.473262 0.000000 -2.942984 103.713671 -0.139487 -4.484054 -0.077665 
330 24.473262 0.000000 -3.875601 100.559144 -0.070769 -1.855922 -0.011559 
331 25.481523 0.000000 -2.942984 104.266552 -0.116594 -4.182003 -0.088902 
332 24.473262 0.000000 -2.010367 103.469398 -0.149180 -4.441656 -0.072567 
333 24.473262 0.000000 2.652717 105.138104 -0.126689 1.387225 -0.105596 
334 24.473262 0.000000 1.720100 104.985268 -0.128589 1.126425 -0.102319 
335 25.481523 0.000000 2.652717 96.706858 -0.191831 2.851942 0.063961 
336 24.473262 0.000000 3.585334 97.978108 0.012147 -8.995702 0.031937 
337 217.051250 0.000000 -57.967375 99.999125 -0.000005 -0.003298 0.000018 
338 217.051250 0.000000 -117.654850 99.999581 -0.000018 -0.000484 0.000008 
339 281.580000 0.000000 -57.967375 99.999591 -0.000009 -0.003608 0.000008 
340 217.051250 0.000000 1.720100 99.999083 -0.038493 -6.053275 -0.003646 
341 120.258125 0.000000 -28.123637 99.991746 0.000283 -0.011221 0.000165 
342 120.258125 0.000000 -57.967375 99.995679 0.000009 -0.000848 0.000086 
343 152.522500 0.000000 -28.123637 99.996544 0.000284 -0.011922 0.000069 
344 120.258125 0.000000 1.720100 99.990091 -0.037650 -6.046488 -0.003458 
345 71.861562 0.000000 -13.201769 99.878922 0.013522 -0.075276 0.002420 
346 71.861562 0.000000 -28.123637 99.938082 0.009132 -0.016083 0.001238 
347 87.993750 0.000000 -13.201769 99.955820 0.008586 -0.052034 0.000883 
348 71.861562 0.000000 1.720100 99.851099 -0.015173 -6.155330 -0.000813 
349 47.663281 0.000000 -5.740834 99.711934 0.060591 2.354003 0.005199 
350 47.663281 0.000000 -13.201769 100.089654 0.057412 0.543383 -0.001824 
351 55.729375 0.000000 -5.740834 99.244760 0.092762 0.446862 0.015027 
352 47.663281 0.000000 1.720100 73.068635 -0.139408 -36.644130 0.331816 
353 35.564141 0.000000 -2.010367 103.135521 -0.213112 2.701057 -0.064428 
354 35.564141 0.000000 -5.740834 100.272563 -0.209726 1.011885 -0.005565 
355 39.597187 0.000000 -2.010367 103.165783 -0.135844 3.126320 -0.065297 
356 35.564141 0.000000 1.720100 99.622171 -0.166612 -3.241880 0.006489 
357 29.514570 0.000000 -3.875601 101.946056 -0.000933 0.327883 -0.039311 
358 29.514570 0.000000 -5.740834 101.154768 -0.219252 0.343857 -0.023245 
359 31.531094 0.000000 -3.875601 101.216894 -0.257085 1.727069 -0.024791 
360 29.514570 0.000000 -2.010367 103.409264 -0.297983 -0.257311 -0.069363 
361 26.489785 0.000000 -2.942984 104.457694 -0.114632 -3.645299 -0.092471 
362 26.489785 0.000000 -3.875601 101.193355 -0.106608 -1.588886 -0.024263 
363 27.498047 0.000000 -2.942984 104.300733 -0.212556 -2.878213 -0.088697 
364 26.489785 0.000000 -2.010367 104.457646 -0.112766 -3.586494 -0.092428 
365 217.051250 0.000000 61.407575 99.999169 -0.000051 -0.005029 0.000017 
366 281.580000 0.000000 61.407575 99.999607 -0.000058 -0.004778 0.000008 
367 217.051250 0.000000 121.095050 99.999632 0.000013 -0.001528 0.000007 
368 120.258125 0.000000 31.563838 99.993606 -0.000414 -0.025382 0.000128 
369 152.522500 0.000000 31.563838 99.996684 -0.000436 -0.020881 0.000066 
370 120.258125 0.000000 61.407575 99.997979 -0.000008 -0.009725 0.000040 
371 71.861562 0.000000 16.641969 99.950584 -0.018546 -0.227328 0.000983 
372 87.993750 0.000000 16.641969 99.968347 0.004637 -0.120204 0.000632 
373 71.861562 0.000000 31.563838 100.004329 0.007027 -0.115386 -0.000088 
374 47.663281 0.000000 9.181034 99.736716 -0.034391 -1.201320 0.005114 
375 55.729375 0.000000 9.181034 99.585595 0.063404 -0.716300 0.008219 
376 47.663281 0.000000 16.641969 100.101907 -0.069454 -0.431169 -0.002058 
377 35.564141 0.000000 5.450567 99.681373 -0.127264 -1.015493 0.006258 
378 39.597187 0.000000 5.450567 99.660290 0.025325 -1.068075 0.006669 
379 35.564141 0.000000 9.181034 100.092567 -0.101731 -0.472072 -0.001876 
380 29.514570 0.000000 3.585334 100.039834 -0.166060 -1.618309 -0.001061 
381 29.514570 0.000000 1.720100 100.081312 -0.273211 0.039955 -0.001635 
382 31.531094 0.000000 3.585334 100.750775 -0.231888 -1.674566 -0.015358 
383 29.514570 0.000000 5.450567 99.887395 -0.133258 -1.613938 0.001989 
384 26.489785 0.000000 2.652717 95.871177 -0.105968 2.993890 0.079974 
385 26.489785 0.000000 1.720100 95.734094 -0.108549 2.925345 0.082641 
386 27.498047 0.000000 2.652717 97.914621 -0.047151 2.378842 0.040707 
387 26.489785 0.000000 3.585334 97.583131 -0.007818 -2.050471 0.047333 
388 29.514570 0.000000 -0.145134 20.705781 -0.056090 -0.722642 0.957075 
389 31.531094 0.000000 -0.145134 24.477960 0.015253 -0.293692 0.940074 
390 28.506309 0.000000 -2.942984 104.127119 -0.155541 -1.884241 -0.084603 
391 28.506309 0.000000 -3.875601 101.767268 -0.227689 -0.583064 -0.035697 
392 29.514570 0.000000 -2.942984 103.331167 -0.311667 -0.094140 -0.067744 
393 28.506309 0.000000 -2.010367 104.064285 -0.172345 -1.721792 -0.083237 
394 28.506309 0.000000 2.652717 99.444707 -0.089105 1.282215 0.010910 
395 28.506309 0.000000 1.720100 99.196285 -0.030683 1.469968 0.015794 
396 29.514570 0.000000 2.652717 99.859690 -0.260499 0.194504 0.002794 
397 28.506309 0.000000 3.585334 99.461031 -0.241913 -1.387116 0.010552 
398 35.564141 0.000000 -9.471302 100.317675 -0.272257 0.482874 -0.006394 
399 35.564141 0.000000 -13.201769 100.319682 -0.161060 0.348156 -0.006419 
400 39.597187 0.000000 -9.471302 100.153039 -0.178165 0.602133 -0.003103 
401 33.547617 0.000000 -3.875601 100.687074 -0.207379 1.686823 -0.014078 
402 33.547617 0.000000 -5.740834 100.564525 -0.181015 0.962938 -0.011418 
403 35.564141 0.000000 -3.875601 100.290664 -0.169552 1.795346 -0.006147 
404 33.547617 0.000000 -2.010367 103.005590 -0.241700 2.386237 -0.061590 
405 30.522832 0.000000 -2.942984 102.993358 -0.315271 1.018709 -0.060877 
406 30.522832 0.000000 -3.875601 101.731233 0.020723 1.269413 -0.035086 
407 31.531094 0.000000 -2.942984 102.977550 -0.220191 1.733441 -0.060743 
408 30.522832 0.000000 -2.010367 102.997763 -0.304759 1.068071 -0.060977 
409 33.547617 0.000000 3.585334 101.056398 -0.199358 -2.290713 -0.021768 
410 33.547617 0.000000 1.720100 98.621524 -0.133965 -2.045891 0.026959 
411 35.564141 0.000000 3.585334 101.389240 -0.258186 -2.944011 -0.028851 
412 33.547617 0.000000 5.450567 99.757810 -0.131462 -0.974696 0.004741 
413 30.522832 0.000000 2.652717 100.257439 -0.269655 -1.045824 -0.005272 
414 30.522832 0.000000 1.720100 100.232185 -0.263658 -1.099812 -0.004777 
415 31.531094 0.000000 2.652717 99.764405 -0.218750 -1.830857 0.004366 
416 30.522832 0.000000 3.585334 100.258487 -0.148001 -2.324186 -0.005719 
417 43.630234 0.000000 -2.010367 103.157434 -0.118334 3.309120 -0.065242 
418 43.630234 0.000000 -5.740834 100.205714 -0.028557 1.380381 -0.004309 
419 47.663281 0.000000 -2.010367 84.708499 0.005545 27.796177 0.205184 
420 43.630234 0.000000 1.720100 102.798472 -0.923216 -5.158464 -0.059499 
421 37.580664 0.000000 -3.875601 103.364347 -0.079898 3.092698 -0.069376 
422 37.580664 0.000000 -5.740834 100.196530 -0.197041 0.977019 -0.004034 
423 39.597187 0.000000 -3.875601 99.692334 0.087007 1.930831 0.005770 
424 37.580664 0.000000 -2.010367 103.309837 -0.104044 2.932777 -0.068153 
425 33.547617 0.000000 -0.145134 28.284091 -0.111123 -0.005056 0.920000 
426 35.564141 0.000000 -0.145134 30.817460 0.139460 0.257045 0.905020 
427 34.555879 0.000000 -2.942984 103.092611 -0.127503 2.575677 -0.063474 
428 33.547617 0.000000 -2.942984 102.997854 -0.254931 2.403386 -0.061440 
429 34.555879 0.000000 -3.875601 103.059962 -0.132360 2.641228 -0.062835 
430 35.564141 0.000000 -2.942984 103.129161 -0.218873 2.738356 -0.064317 
431 34.555879 0.000000 -2.010367 103.097843 -0.146542 2.590983 -0.063590 
432 43.630234 0.000000 5.450567 100.509789 -0.035879 -1.664967 -0.010499 
433 47.663281 0.000000 5.450567 99.942155 -0.016631 -3.458160 -0.000039 
434 43.630234 0.000000 9.181034 99.906907 -0.043232 -0.883362 0.001783 
435 37.580664 0.000000 3.585334 101.841691 -0.055463 -3.244071 -0.038226 
436 37.580664 0.000000 1.720100 100.042265 -0.099851 -3.168141 -0.001850 
437 39.597187 0.000000 3.585334 102.104026 -0.278923 -3.063269 -0.043469 
438 37.580664 0.000000 5.450567 99.809866 -0.162514 -0.763009 0.003738 
439 34.555879 0.000000 2.652717 99.740233 -0.104006 -2.392440 0.004615 
440 33.547617 0.000000 2.652717 99.332649 -0.148692 -2.167746 0.012830 
441 34.555879 0.000000 1.720100 99.342664 -0.094937 -2.196086 0.012620 
442 35.564141 0.000000 2.652717 100.342913 -0.185936 -3.361397 -0.008003 
443 34.555879 0.000000 3.585334 101.236530 -0.090593 -2.558790 -0.025539 
444 47.663281 0.000000 -20.662703 100.037126 0.004574 0.209216 -0.000747 
445 47.663281 0.000000 -28.123637 100.033645 0.003369 0.093106 -0.000674 
446 55.729375 0.000000 -20.662703 99.964915 0.004319 0.174748 0.000699 
447 43.630234 0.000000 -9.471302 100.090666 0.020899 0.674392 -0.001860 
448 43.630234 0.000000 -13.201769 100.218679 -0.016686 0.416846 -0.004396 
449 47.663281 0.000000 -9.471302 99.662152 0.086203 0.903449 0.006663 
450 41.613711 0.000000 -3.875601 99.945617 -0.118031 1.599590 0.000830 
451 41.613711 0.000000 -5.740834 99.778774 -0.068455 1.200897 0.004275 
452 43.630234 0.000000 -3.875601 100.637466 -0.030626 1.300348 -0.012959 
453 41.613711 0.000000 -2.010367 103.370584 -0.002666 3.212012 -0.069579 
454 41.613711 0.000000 3.585334 102.357686 -0.156206 -3.590765 -0.049001 
455 41.613711 0.000000 1.720100 102.204868 -0.252038 -5.793142 -0.047946 
456 43.630234 0.000000 3.585334 101.204896 -0.106808 -1.984894 -0.024638 
457 41.613711 0.000000 5.450567 100.356921 -0.053211 -1.068088 -0.007266 
458 63.795469 0.000000 -5.740834 99.706087 0.066017 -0.002559 0.005869 
459 63.795469 0.000000 -13.201769 99.867641 0.051408 0.185513 0.002642 
460 71.861562 0.000000 -5.740834 99.842360 0.047596 -0.239037 0.003144 
461 63.795469 0.000000 1.720100 99.708262 0.009275 -6.042252 0.002175 
462 51.696328 0.000000 -2.010367 96.590782 -0.017330 0.546779 0.066992 
463 51.696328 0.000000 -5.740834 98.643746 0.038576 1.015035 0.026838 
464 55.729375 0.000000 -2.010367 98.688609 0.173443 -0.485059 0.026029 
465 51.696328 0.000000 1.720100 96.336576 -0.084071 -6.889957 0.067179 
466 45.646758 0.000000 -3.875601 101.754996 -0.085501 2.740977 -0.036160 
467 45.646758 0.000000 -5.740834 100.327869 -0.050197 1.795342 -0.006891 
468 47.663281 0.000000 -3.875601 99.455628 0.052717 5.695843 0.007613 
469 45.646758 0.000000 -2.010367 103.262169 -0.066993 3.203808 -0.067334 
470 41.613711 0.000000 -0.145134 34.416284 0.038247 -0.081467 0.881551 
471 39.597187 0.000000 -0.145134 33.206509 0.179860 0.345405 0.889718 
472 43.630234 0.000000 -0.145134 33.180125 0.002503 -0.184666 0.889905 
473 42.621973 0.000000 -2.942984 103.298122 -0.097600 3.277026 -0.068125 
474 41.613711 0.000000 -2.942984 103.402831 0.031091 3.243312 -0.070267 
475 42.621973 0.000000 -3.875601 100.165924 -0.063665 1.392133 -0.003515 
476 43.630234 0.000000 -2.942984 103.197147 -0.121404 3.332580 -0.066077 
477 42.621973 0.000000 -2.010367 103.302481 -0.087614 3.270231 -0.068210 
478 63.795469 0.000000 9.181034 99.754395 0.013996 -0.315676 0.004896 
479 71.861562 0.000000 9.181034 99.901916 0.027700 -0.420106 0.001943 
480 63.795469 0.000000 16.641969 99.857834 -0.004040 -0.133379 0.002840 
481 51.696328 0.000000 5.450567 98.607201 -0.053534 -1.992912 0.027265 
482 55.729375 0.000000 5.450567 99.225778 0.011393 -1.294801 0.015257 
483 51.696328 0.000000 9.181034 99.797395 0.028848 -1.195092 0.003905 
484 45.646758 0.000000 3.585334 102.708992 -0.045522 -4.173940 -0.056656 
485 45.646758 0.000000 1.720100 103.717619 -0.235258 -3.998963 -0.077339 
486 47.663281 0.000000 3.585334 99.794052 0.039481 -9.033453 -0.004046 
487 45.646758 0.000000 5.450567 100.699785 0.021753 -2.478497 -0.014659 
488 42.621973 0.000000 2.652717 102.640508 -0.674441 -4.408696 -0.055497 
489 41.613711 0.000000 2.652717 102.154679 -0.267386 -5.490277 -0.046579 
490 42.621973 0.000000 1.720100 102.559314 -0.961781 -5.032132 -0.054466 
491 43.630234 0.000000 2.652717 102.932980 -0.514255 -3.961554 -0.061116 
492 42.621973 0.000000 3.585334 100.374498 -0.091377 -2.080793 -0.007938 
493 45.646758 0.000000 -0.145134 30.995655 0.122560 0.425203 0.903907 
494 47.663281 0.000000 -0.145134 72.200997 0.071883 -5.791828 0.475347 
495 49.679805 0.000000 -0.145134 87.515223 0.231869 -2.438473 0.233509 
496 49.679805 0.000000 -2.010367 92.608289 0.100466 3.838922 0.140896 
497 51.696328 0.000000 -0.145134 95.665142 0.015848 -2.895058 0.083980 
498 49.679805 0.000000 1.720100 91.475714 -0.052372 -10.104750 0.153008 
499 46.655020 0.000000 -1.077750 10.128553 0.045458 4.351257 0.987848 
500 45.646758 0.000000 -1.077750 102.781918 -0.062748 3.291487 -0.057496 
501 46.655020 0.000000 -2.010367 111.419155 -0.134053 2.795639 -0.242206 
502 47.663281 0.000000 -1.077750 55.445470 0.018017 14.735713 0.670866 
503 46.655020 0.000000 -0.145134 177.146063 5.376093 71.380729 -2.650484 
504 44.638496 0.000000 -1.077750 103.042364 -0.106640 3.232483 -0.062819 
505 43.630234 0.000000 -1.077750 103.181911 -0.113665 3.280047 -0.065728 
506 44.638496 0.000000 -2.010367 102.943202 -0.093554 3.285178 -0.060810 
507 44.638496 0.000000 -0.145134 31.965255 0.116540 0.088633 0.897820 
508 51.696328 0.000000 -9.471302 99.739689 0.094821 0.844290 0.005127 
509 51.696328 0.000000 -13.201769 99.931670 0.099179 0.518845 0.001338 
510 55.729375 0.000000 -9.471302 99.636573 0.145222 0.479226 0.007230 
511 49.679805 0.000000 -3.875601 97.556762 0.008467 3.414112 0.047102 
512 49.679805 0.000000 -5.740834 98.889182 -0.001274 1.841905 0.021754 
513 51.696328 0.000000 -3.875601 97.844880 -0.044255 1.145111 0.042507 
514 46.655020 0.000000 -2.942984 104.956492 -0.017518 7.897217 -0.107823 
515 45.646758 0.000000 -2.942984 102.768689 -0.064210 3.315231 -0.057240 
516 46.655020 0.000000 -3.875601 101.370135 -0.002004 4.690537 -0.029791 
517 47.663281 0.000000 -2.942984 98.328770 0.079626 11.616375 0.019651 
518 46.150889 0.000000 -1.544059 103.832636 -0.073435 3.139620 -0.079108 
519 45.646758 0.000000 -1.544059 102.982992 -0.061534 3.182910 -0.061563 
520 46.150889 0.000000 -2.010367 103.863272 -0.074039 3.147353 -0.079749 
521 46.655020 0.000000 -1.544059 104.179598 -0.078951 3.138949 -0.086325 
522 46.150889 0.000000 -1.077750 22.112096 0.059993 1.071755 0.950990 
523 49.679805 0.000000 3.585334 97.186627 -0.052359 -5.918813 0.051972 
524 51.696328 0.000000 3.585334 97.739420 -0.057342 -3.314970 0.043601 
525 49.679805 0.000000 5.450567 98.935666 -0.047426 -2.921414 0.020320 
526 46.655020 0.000000 2.652717 109.831993 -0.056504 -11.543867 -0.219633 
527 45.646758 0.000000 2.652717 103.181946 -0.262333 -3.532748 -0.065906 
528 46.655020 0.000000 1.720100 111.720056 -0.070552 -3.032544 -0.249057 
529 47.663281 0.000000 2.652717 97.821154 -0.005342 -19.424816 0.005370 
530 46.655020 0.000000 3.585334 102.631361 -0.002350 -7.159755 -0.058446 
531 44.638496 0.000000 2.652717 103.087875 -0.451078 -3.873962 -0.064232 
532 44.638496 0.000000 1.720100 102.978197 -0.387459 -4.912205 -0.062879 
533 44.638496 0.000000 3.585334 101.878957 -0.083252 -2.497736 -0.038557 
534 46.655020 0.000000 0.787483 13.821619 -0.033345 -17.312426 0.950924 
535 45.646758 0.000000 0.787483 28.115074 0.127748 -0.672011 0.920907 
536 47.663281 0.000000 0.787483 54.797703 -0.079720 -12.172834 0.684903 
537 46.150889 0.000000 2.186408 104.785410 -0.159906 -3.547166 -0.099259 
538 45.646758 0.000000 2.186408 103.845705 -0.221389 -3.649949 -0.079730 
539 46.150889 0.000000 1.720100 104.648022 -0.170588 -3.638342 -0.096448 
540 46.655020 0.000000 2.186408 110.706339 -0.079058 -3.108269 -0.226556 
541 46.150889 0.000000 2.652717 107.618391 -0.109188 -5.797542 -0.161534 
542 48.671543 0.000000 -1.077750 80.524484 -0.016408 5.494848 0.348561 
543 48.671543 0.000000 -2.010367 88.682609 0.077983 9.036799 0.205373 
544 49.679805 0.000000 -1.077750 89.475865 0.162744 1.696092 0.199117 
545 48.671543 0.000000 -0.145134 78.560276 -0.054785 -1.974949 0.382438 
546 47.159150 0.000000 -1.544059 30.707041 0.021650 53.551231 0.618934 
547 47.159150 0.000000 -2.010367 57.905941 -0.233295 32.784969 0.557199 
548 47.663281 0.000000 -1.544059 65.663236 0.015199 27.247593 0.494591 
549 47.159150 0.000000 -1.077750 0.000000 0.492229 21.770440 0.952581 
550 48.671543 0.000000 -2.942984 95.150549 0.071401 7.258922 0.089368 
551 48.671543 0.000000 -3.875601 97.915836 0.037918 4.780619 0.038963 
552 49.679805 0.000000 -2.942984 95.624780 0.061245 4.138201 0.083877 
553 47.159150 0.000000 -2.476676 105.307591 0.016352 20.929050 -0.152771 
554 46.655020 0.000000 -2.476676 104.170097 -0.080079 3.162394 -0.086142 
555 47.159150 0.000000 -2.942984 102.328015 0.022438 11.488327 -0.060300 
556 47.663281 0.000000 -2.476676 95.330546 0.055960 18.438684 0.057210 
557 46.907085 0.000000 -1.777213 15.877942 -0.231573 56.277045 0.658073 
558 46.655020 0.000000 -1.777213 111.253719 -0.132731 2.802985 -0.238526 
559 46.907085 0.000000 -2.010367 52.406383 -0.237141 36.819897 0.589781 
560 47.159150 0.000000 -1.777213 18.261736 -0.257953 55.694515 0.656456 
561 46.907085 0.000000 -1.544059 0.000000 -0.046183 51.131508 0.738557 
562 44.638496 0.000000 -2.942984 103.061634 -0.123821 3.355542 -0.063298 
563 44.638496 0.000000 -3.875601 101.308265 -0.040058 1.559582 -0.026580 
564 46.150889 0.000000 -2.476676 103.644898 -0.072779 3.197752 -0.075250 
565 45.646758 0.000000 -2.476676 102.804469 -0.060304 3.248579 -0.057932 
566 46.150889 0.000000 -2.942984 104.657560 -0.095480 4.371570 -0.097232 
567 46.907085 0.000000 -2.243521 120.772741 0.023570 22.419998 -0.508871 
568 46.655020 0.000000 -2.243521 108.449476 -0.111681 2.937256 -0.176993 
569 46.907085 0.000000 -2.476676 110.659881 0.017732 16.204074 -0.250818 
570 47.159150 0.000000 -2.243521 107.763659 0.019843 32.842964 -0.269167 
571 48.167412 0.000000 -1.544059 77.835384 0.012676 14.486189 0.373180 
572 48.167412 0.000000 -2.010367 86.061697 0.074018 15.155189 0.236370 
573 48.671543 0.000000 -1.544059 84.367690 0.001118 8.035749 0.281752 
574 48.167412 0.000000 -1.077750 71.844605 -0.001428 9.490604 0.474828 
575 47.411216 0.000000 -1.777213 69.357629 0.008494 44.244402 0.323195 
576 47.411216 0.000000 -2.010367 86.791698 0.003628 39.680346 0.089267 
577 47.663281 0.000000 -1.777213 75.045793 0.021170 29.560345 0.349431 
578 47.411216 0.000000 -1.544059 53.636127 0.008774 38.688865 0.562634 
579 47.033118 0.000000 -1.893790 30.629131 -0.249869 48.961096 0.666461 
580 46.907085 0.000000 -1.893790 21.982940 -0.269346 53.181262 0.668843 
581 47.033118 0.000000 -2.010367 44.102963 -0.252436 41.669121 0.631855 
582 47.159150 0.000000 -1.893790 28.957607 -0.270393 49.987830 0.666260 
583 47.033118 0.000000 -1.777213 18.473480 -0.205267 52.545881 0.689762 
584 48.671543 0.000000 2.652717 93.795217 -0.017629 -12.076431 0.105662 
585 48.671543 0.000000 1.720100 85.922492 -0.116301 -15.461473 0.237825 
586 49.679805 0.000000 2.652717 94.812026 -0.019925 -8.234247 0.094288 
587 48.671543 0.000000 3.585334 97.516091 -0.032015 -7.694430 0.043141 
588 47.159150 0.000000 2.186408 110.475622 -0.076077 -42.858043 -0.404168 
589 47.159150 0.000000 1.720100 0.000000 0.162125 -74.232917 0.448945 
590 47.663281 0.000000 2.186408 90.861300 -0.047048 -30.046961 0.084140 
591 47.159150 0.000000 2.652717 105.331026 -0.020764 -19.558870 -0.147717 
592 48.671543 0.000000 0.787483 79.009596 -0.136647 -10.425185 0.364878 
593 49.679805 0.000000 0.787483 88.701204 0.104251 -7.939345 0.206905 
594 47.159150 0.000000 1.253792 0.000000 -0.213427 -43.158011 0.813734 
595 46.655020 0.000000 1.253792 9.167209 -0.004581 2.084006 0.991162 
596 47.159150 0.000000 0.787483 0.000000 -0.238910 -10.244453 0.989499 
597 47.663281 0.000000 1.253792 57.475880 -0.134944 -27.934449 0.591617 
598 46.907085 0.000000 1.953254 41.777566 0.101771 -48.594400 0.589321 
599 46.655020 0.000000 1.953254 114.068034 -0.054679 -2.954745 -0.302025 
600 46.907085 0.000000 1.720100 12.606326 0.119820 -63.968203 0.574914 
601 47.159150 0.000000 1.953254 30.168252 0.128915 -55.742900 0.598259 
602 46.907085 0.000000 2.186408 118.932751 -0.017367 -2.704360 -0.415231 
603 44.638496 0.000000 0.787483 31.322304 0.144321 0.114724 0.901888 
604 43.630234 0.000000 0.787483 32.999115 0.121893 0.458244 0.891083 
605 46.150889 0.000000 1.253792 105.362894 -0.114926 -3.250047 -0.111192 
606 45.646758 0.000000 1.253792 103.138826 -0.272028 -3.863250 -0.065262 
607 46.150889 0.000000 0.787483 24.899181 0.070106 -5.321091 0.935171 
608 46.907085 0.000000 1.486946 0.000000 -0.059768 -54.202468 0.706209 
609 46.655020 0.000000 1.486946 105.320983 -0.119590 -3.376865 -0.110393 
610 46.907085 0.000000 1.253792 0.000000 -0.216154 -42.126209 0.822534 
611 47.159150 0.000000 1.486946 28.090880 -0.077796 -56.903573 0.597288 
612 48.167412 0.000000 2.186408 89.149125 -0.070477 -20.079710 0.164923 
613 48.167412 0.000000 1.720100 81.245181 -0.196465 -22.377403 0.289843 
614 48.671543 0.000000 2.186408 90.251701 0.006280 -14.398095 0.164733 
615 48.167412 0.000000 2.652717 94.433472 0.013581 -15.602487 0.083888 
616 47.411216 0.000000 1.953254 84.339827 -0.102698 -48.481138 0.053636 
617 47.411216 0.000000 1.720100 65.719855 -0.120195 -51.290004 0.305022 
618 47.663281 0.000000 1.953254 83.293784 -0.119946 -35.121420 0.182862 
619 47.411216 0.000000 2.186408 96.358300 -0.079445 -37.462158 -0.068834 
620 47.033118 0.000000 1.836677 22.993415 0.145601 -61.576181 0.567966 
621 46.907085 0.000000 1.836677 18.454837 0.154333 -64.902438 0.544707 
622 47.033118 0.000000 1.720100 16.538360 0.105881 -60.654701 0.604748 
623 47.159150 0.000000 1.836677 19.617093 0.141035 -62.232305 0.574229 
624 47.033118 0.000000 1.953254 33.428601 0.119487 -53.889841 0.597840 
625 46.402954 0.000000 1.953254 107.826533 -0.104566 -3.318097 -0.163758 
626 46.150889 0.000000 1.953254 104.881967 -0.152326 -3.511579 -0.101258 
627 46.402954 0.000000 1.720100 107.764465 -0.106503 -3.353204 -0.162444 
628 46.402954 0.000000 2.186408 105.325482 -0.119089 -3.363253 -0.110478 
629 46.781052 0.000000 1.836677 70.104995 0.041299 -30.861155 0.413288 
630 46.655020 0.000000 1.836677 113.868398 -0.056282 -2.966669 -0.297482 
631 46.781052 0.000000 1.720100 30.855037 0.077907 -51.920387 0.635223 
632 46.781052 0.000000 1.953254 90.536477 0.010263 -18.568682 0.145835 
633 87.993750 0.000000 180.782525 100.000437 0.000027 -0.000865 -0.000009 
634 23.465000 0.000000 180.782525 100.000734 0.000033 -0.000242 -0.000015 
635 152.522500 0.000000 180.782525 100.000040 0.000020 -0.000927 -0.000001 
636 87.993750 0.000000 240.470000 100.000244 0.000016 -0.000372 -0.000005 
637 55.729375 0.000000 91.251312 100.005510 0.000118 -0.005712 -0.000110 
638 23.465000 0.000000 91.251312 100.007632 0.000183 -0.000630 -0.000153 
639 87.993750 0.000000 91.251312 100.001860 0.000065 -0.006605 -0.000037 
640 55.729375 0.000000 121.095050 100.001755 0.000072 -0.002101 -0.000035 
641 39.597187 0.000000 46.485706 100.068334 -0.048911 -0.034358 -0.001368 
642 23.465000 0.000000 46.485706 100.062049 -0.072907 0.008329 -0.001242 
643 55.729375 0.000000 46.485706 100.058188 0.005107 -0.081754 -0.001165 
644 39.597187 0.000000 61.407575 100.079450 0.023901 -0.027204 -0.001590 
645 47.663281 0.000000 24.102903 100.009975 -0.000008 -0.172942 -0.000203 
646 39.597187 0.000000 24.102903 100.062946 -0.062656 -0.169874 -0.001263 
647 55.729375 0.000000 24.102903 99.930967 0.018045 -0.107605 0.001379 
648 47.663281 0.000000 31.563838 100.025163 0.005637 -0.085634 -0.000504 
649 43.630234 0.000000 12.911502 100.305306 -0.105005 -0.550426 -0.006147 
650 39.597187 0.000000 12.911502 100.163408 -0.016195 -0.376588 -0.003285 
651 47.663281 0.000000 12.911502 100.028870 -0.073044 -0.658865 -0.000621 
652 43.630234 0.000000 16.641969 100.212269 -0.046786 -0.420969 -0.004268 
653 45.646758 0.000000 7.315801 99.929644 0.026166 -1.536383 0.001171 
654 43.630234 0.000000 7.315801 100.043991 -0.003740 -1.201782 -0.001024 
655 47.663281 0.000000 7.315801 99.687179 -0.038634 -1.836903 0.005909 
656 45.646758 0.000000 9.181034 99.867957 0.105129 -1.075899 0.002522 
657 46.655020 0.000000 4.517950 101.133552 0.050803 -4.434069 -0.024766 
658 45.646758 0.000000 4.517950 101.448137 0.006636 -3.232861 -0.030218 
659 47.663281 0.000000 4.517950 100.022963 0.052241 -5.201514 -0.003165 
660 46.655020 0.000000 5.450567 100.455875 0.062060 -3.029107 -0.010056 
661 47.159150 0.000000 3.119025 102.603692 0.021193 -12.186210 -0.067602 
662 46.655020 0.000000 3.119025 104.717685 -0.030752 -9.264065 -0.105162 
663 47.663281 0.000000 3.119025 99.411743 0.031444 -12.811396 -0.004683 
664 47.159150 0.000000 3.585334 101.445332 0.035026 -8.545958 -0.036419 
665 46.907085 0.000000 2.419563 114.528732 -0.041099 -20.676585 -0.354435 
666 46.655020 0.000000 2.419563 105.362894 -0.114926 -3.250047 -0.111192 
667 47.159150 0.000000 2.419563 107.701872 -0.041354 -27.132306 -0.233586 
668 46.907085 0.000000 2.652717 108.764521 -0.017841 -16.127042 -0.208980 
669 47.033118 0.000000 2.069831 46.353508 0.101954 -46.024189 0.573312 
670 46.907085 0.000000 2.069831 54.284643 0.081206 -40.798248 0.538867 
671 47.159150 0.000000 2.069831 108.268521 -0.088967 -57.694411 -0.505073 
672 47.033118 0.000000 2.186408 121.606930 -0.064637 -39.021398 -0.631092 
673 46.970101 0.000000 1.894966 25.489988 0.142431 -60.111569 0.573684 
674 46.907085 0.000000 1.894966 22.631727 0.134301 -59.640164 0.593084 
675 46.970101 0.000000 1.836677 17.526555 0.153536 -65.038172 0.546283 
676 47.033118 0.000000 1.894966 31.497595 0.122520 -55.083126 0.597374 
677 46.970101 0.000000 1.953254 35.362345 0.116486 -52.718378 0.597026 
678 47.159150 0.000000 -0.611442 30.305191 0.171206 -24.516501 0.848051 
679 46.655020 0.000000 -0.611442 22.643682 -0.074954 32.104016 0.845659 
680 47.663281 0.000000 -0.611442 57.936982 0.020424 -0.855421 0.664257 
681 47.159150 0.000000 -0.145134 212.397961 -7.744597 -128.602402 -5.171145 
682 46.907085 0.000000 -1.310905 0.000000 0.164642 37.391095 0.860188 
683 46.655020 0.000000 -1.310905 8.673703 0.048201 -3.517161 0.991239 
684 47.159150 0.000000 -1.310905 0.000000 0.217292 34.497856 0.880985 
685 46.907085 0.000000 -1.077750 0.000000 0.416296 25.125596 0.936853 
686 47.033118 0.000000 -1.660636 7.681454 -0.167205 55.379940 0.687403 
687 46.907085 0.000000 -1.660636 9.560027 -0.160420 54.398166 0.694942 
688 47.159150 0.000000 -1.660636 0.000000 -0.233245 65.351739 0.572910 
689 47.033118 0.000000 -1.544059 0.000000 -0.039067 50.683484 0.743118 
690 47.159150 0.000000 0.321175 84.266624 5.090315 78.300431 -0.325773 
691 46.655020 0.000000 0.321175 68.946266 -4.150472 -75.983841 -0.054436 
692 47.663281 0.000000 0.321175 66.188926 0.023239 0.325644 0.561892 
693 46.907085 0.000000 1.020637 0.000000 -0.301439 -28.719986 0.917507 
694 46.655020 0.000000 1.020637 10.172189 -0.015085 -6.134659 0.985889 
695 46.907085 0.000000 0.787483 0.000000 -0.254988 -13.362719 0.982137 
696 47.159150 0.000000 1.020637 0.000000 -0.319557 -30.412491 0.907498 
697 46.150889 0.000000 -0.611442 28.947361 0.051902 7.349805 0.910803 
698 45.646758 0.000000 -0.611442 28.972788 0.107628 0.977252 0.915961 
699 46.150889 0.000000 -0.145134 42.279264 0.013491 4.099332 0.819566 
700 46.907085 0.000000 -0.844596 0.000000 0.772346 9.129984 0.991605 
701 46.655020 0.000000 -0.844596 13.345971 0.019505 14.801141 0.960281 
702 47.159150 0.000000 -0.844596 0.000000 0.966484 1.081634 0.999790 
703 46.907085 0.000000 -0.611442 0.000000 1.879227 -18.948578 0.963742 
704 46.150889 0.000000 0.321175 37.137238 0.036177 -8.066297 0.855576 
705 45.646758 0.000000 0.321175 30.337095 0.132773 -1.212078 0.907817 
706 46.907085 0.000000 0.554329 0.000000 0.112152 17.756577 0.968469 
707 46.655020 0.000000 0.554329 24.778568 -0.175632 -37.059056 0.801262 
708 46.907085 0.000000 0.321175 0.000000 0.907428 65.933453 0.565196 
709 47.159150 0.000000 0.554329 0.000000 0.184411 19.882022 0.960467 
710 46.907085 0.000000 -0.378288 0.000000 5.261114 -66.194369 0.559063 
711 46.655020 0.000000 -0.378288 53.610169 -2.806166 66.706049 0.266838 
712 47.159150 0.000000 -0.378288 61.041294 3.045275 -73.964763 0.079390 
713 46.907085 0.000000 -0.145134 0.000000 10.980729 -137.394123 -0.899772 
714 46.907085 0.000000 0.088021 0.000000 -1.123811 112.846802 -0.273566 
715 46.655020 0.000000 0.088021 202.669857 4.742076 -58.047323 -3.446705 
716 47.159150 0.000000 0.088021 280.720615 -5.649944 90.622688 -7.704846 
717 48.167412 0.000000 0.321175 70.747697 -0.072385 -6.347848 0.495446 
718 48.167412 0.000000 -0.145134 71.170175 -0.036746 -2.023027 0.493071 
719 48.671543 0.000000 0.321175 78.656596 -0.101301 -6.317737 0.377322 
720 48.167412 0.000000 0.787483 70.550914 -0.132165 -12.894834 0.485627 
721 47.411216 0.000000 0.088021 103.830922 4.022970 8.264394 -0.086534 
722 47.411216 0.000000 -0.145134 98.031837 3.645220 -21.447300 -0.008352 
723 47.663281 0.000000 0.088021 73.053506 0.066858 -1.087420 0.466200 
724 47.411216 0.000000 0.321175 72.261273 0.256016 18.731033 0.442739 
725 47.033118 0.000000 -0.028556 0.000000 15.437216 -161.399922 -1.628824 
726 46.907085 0.000000 -0.028556 0.000000 -169.090510 779.209795 -62.575950 
727 47.033118 0.000000 -0.145134 0.000000 11.297436 -145.451271 -1.128370 
728 47.159150 0.000000 -0.028556 334.053670 -10.068351 -47.887659 -10.398645 
729 47.033118 0.000000 0.088021 0.000000 -0.015553 125.603075 -0.577613 
730 46.402954 0.000000 0.088021 73.262143 -0.263601 -11.131777 0.450867 
731 46.150889 0.000000 0.088021 42.992115 0.013689 -3.203147 0.814142 
732 46.402954 0.000000 -0.145134 69.638710 -0.240731 14.974585 0.492615 
733 46.402954 0.000000 0.321175 49.844504 -0.146305 -23.405614 0.696768 
734 46.781052 0.000000 -0.028556 735.223152 24.943213 148.855401 -55.333318 
735 46.655020 0.000000 -0.028556 229.846122 7.087107 27.180941 -4.361827 
736 46.781052 0.000000 -0.145134 0.000000 15.454917 -161.460786 -1.630844 
737 46.781052 0.000000 0.088021 496.540301 7.448320 -281.146026 -31.565084 
738 47.033118 0.000000 0.204598 0.000000 1.410088 109.745956 -0.204616 
739 46.907085 0.000000 0.204598 0.000000 1.222557 113.175778 -0.281025 
740 47.159150 0.000000 0.204598 173.447947 0.565453 88.722856 -2.795626 
741 47.033118 0.000000 0.321175 0.000000 0.847187 70.304218 0.505660 
742 46.970101 0.000000 0.029732 0.000000 -201.868689 263.003457 -9.992179 
743 46.907085 0.000000 0.029732 0.000000 -289.605495 -430.969789 -25.960630 
744 46.970101 0.000000 -0.028556 0.000000 -254.410712 20.091429 -5.512848 
745 47.033118 0.000000 0.029732 0.000000 2.265223 143.175193 -1.050427 
746 46.970101 0.000000 0.088021 0.000000 -0.850832 117.506569 -0.380852 
747 46.781052 0.000000 0.204598 0.000000 1.171055 73.017481 0.466708 
748 46.655020 0.000000 0.204598 109.006305 -5.883592 -119.628606 -1.622799 
749 46.781052 0.000000 0.321175 0.000000 1.020551 71.711146 0.485647 
750 46.844069 0.000000 0.029732 0.000000 -0.176505 124.399875 -0.547536 
751 46.781052 0.000000 0.029732 730.778282 16.653514 -131.900206 -54.171190 
752 46.844069 0.000000 -0.028556 0.000000 9.371409 -135.902015 -0.855718 
753 46.844069 0.000000 0.088021 0.000000 -0.603998 120.743470 -0.457935 
754 46.970101 0.000000 0.146309 0.000000 0.304808 120.126015 -0.443035 
755 46.907085 0.000000 0.146309 0.000000 0.611816 123.813567 -0.533017 
756 47.033118 0.000000 0.146309 0.000000 0.764673 131.301120 -0.724057 
757 46.970101 0.000000 0.204598 0.000000 0.906783 113.321929 -0.284268 
758 46.938593 0.000000 0.058876 0.000000 -169.323615 -2133.547233 -457.069428 
759 46.907085 0.000000 0.058876 0.000000 -173.116434 -1488.100019 -223.441097 
760 46.938593 0.000000 0.029732 0.000000 -273.525566 -1406.639018 -204.344956 
761 46.970101 0.000000 0.058876 0.000000 -116.251173 -386.556913 -15.294058 
762 46.938593 0.000000 0.088021 0.000000 -74.602226 -654.943998 -42.451713 
763 48.167412 0.000000 -0.611442 70.458307 -0.020030 3.105619 0.502598 
764 48.671543 0.000000 -0.611442 79.298789 -0.028251 2.157545 0.370705 
765 47.411216 0.000000 -0.378288 66.967467 0.225294 -23.048004 0.498410 
766 47.411216 0.000000 -0.611442 48.378435 0.087574 -9.643934 0.756651 
767 47.663281 0.000000 -0.378288 64.771462 0.044979 -6.104764 0.576739 
768 47.033118 0.000000 -0.261711 0.000000 6.326521 -83.233630 0.303214 
769 46.907085 0.000000 -0.261711 0.000000 9.199888 -111.221045 -0.245476 
770 47.033118 0.000000 -0.378288 0.000000 5.574801 -69.228832 0.517629 
771 47.159150 0.000000 -0.261711 90.863090 -6.783245 -132.390062 -1.582924 
772 46.970101 0.000000 -0.086845 0.000000 8.336628 -126.609249 -0.609940 
773 46.907085 0.000000 -0.086845 0.000000 97.051946 662.475310 -43.829262 
774 46.970101 0.000000 -0.145134 0.000000 10.102940 -132.784677 -0.773384 
775 47.033118 0.000000 -0.086845 0.000000 9.734055 -137.542475 -0.901268 
776 46.402954 0.000000 -0.378288 45.474878 -0.109658 22.601236 0.742121 
777 46.150889 0.000000 -0.378288 35.805709 0.032836 8.018467 0.865365 
778 46.402954 0.000000 -0.611442 28.632715 -0.007486 16.580894 0.890524 
779 46.781052 0.000000 -0.261711 0.000000 6.843888 -85.326407 0.267257 
780 46.655020 0.000000 -0.261711 101.650982 -18.298289 86.144557 -0.808863 
781 46.781052 0.000000 -0.378288 0.000000 5.448913 -67.834869 0.536874 
782 46.844069 0.000000 -0.086845 0.000000 8.726028 -130.861881 -0.720098 
783 46.781052 0.000000 -0.086845 502.957715 22.558748 300.736318 -33.391769 
784 46.844069 0.000000 -0.145134 0.000000 9.962260 -133.928774 -0.803616 
785 46.938593 0.000000 -0.057701 0.000000 250.535845 2486.158642 -623.375300 
786 46.907085 0.000000 -0.057701 0.000000 185.114068 2409.289782 -582.894447 
787 46.938593 0.000000 -0.086845 0.000000 117.048741 824.022656 -68.271374 
788 46.970101 0.000000 -0.057701 0.000000 3.780375 571.730131 -31.688963 
789 46.938593 0.000000 -0.028556 0.000000 34.695230 1813.010433 -327.821059 
790 -170.121250 0.000000 -177.342325 99.999822 0.000005 -0.000347 0.000004 
791 -234.650000 0.000000 -177.342325 99.999845 0.000002 -0.000189 0.000003 
792 -170.121250 0.000000 -237.029800 99.999940 0.000001 -0.000229 0.000001 
793 217.051250 0.000000 -177.342325 99.999851 -0.000012 -0.000083 0.000003 
794 217.051250 0.000000 -237.029800 99.999961 -0.000009 -0.000023 0.000001 
795 281.580000 0.000000 -177.342325 99.999858 -0.000014 -0.000247 0.000003 
796 -41.063750 0.000000 180.782525 100.000442 0.000029 0.000367 -0.000009 
797 -105.592500 0.000000 180.782525 100.000062 0.000019 0.000425 -0.000001 
798 -41.063750 0.000000 240.470000 100.000248 0.000015 0.000094 -0.000005 
799 -170.121250 0.000000 180.782525 99.999917 0.000012 0.000277 0.000002 
800 -234.650000 0.000000 180.782525 99.999900 0.000007 0.000158 0.000002 
801 -170.121250 0.000000 240.470000 100.000007 0.000008 0.000160 -0.000000 
802 -73.328125 0.000000 -87.811112 99.998652 0.000073 -0.002676 0.000027 
803 -105.592500 0.000000 -87.811112 99.998802 0.000041 -0.001447 0.000024 
804 -73.328125 0.000000 -117.654850 99.999596 0.000037 -0.001726 0.000008 
805 217.051250 0.000000 180.782525 99.999894 0.000015 -0.000770 0.000002 
806 281.580000 0.000000 180.782525 99.999884 0.000012 -0.000645 0.000002 
807 217.051250 0.000000 240.470000 99.999996 0.000012 -0.000436 0.000000 
808 120.258125 0.000000 -87.811112 99.998924 -0.000006 0.001232 0.000022 
809 120.258125 0.000000 -117.654850 99.999798 -0.000007 0.000812 0.000004 
810 152.522500 0.000000 -87.811112 99.998896 -0.000013 -0.000082 0.000022 
811 -8.799375 0.000000 91.251312 100.005049 0.000195 0.003972 -0.000101 
812 -41.063750 0.000000 91.251312 100.001637 0.000143 0.004404 -0.000033 
813 -8.799375 0.000000 121.095050 100.001706 0.000090 0.001023 -0.000034 
814 -73.328125 0.000000 91.251312 99.999306 0.000088 0.002260 0.000014 
815 -105.592500 0.000000 91.251312 99.999183 0.000052 0.001308 0.000016 
816 -73.328125 0.000000 121.095050 99.999987 0.000054 0.001343 0.000000 
817 -24.931563 0.000000 -43.045506 99.991066 -0.001528 -0.020159 0.000179 
818 -41.063750 0.000000 -43.045506 99.992237 0.063755 -0.010986 0.000155 
819 -24.931563 0.000000 -57.967375 99.972189 0.003079 0.003664 0.000556 
820 120.258125 0.000000 91.251312 99.999158 0.000036 -0.004416 0.000017 
821 152.522500 0.000000 91.251312 99.999040 0.000018 -0.003375 0.000019 
822 120.258125 0.000000 121.095050 99.999935 0.000036 -0.002522 0.000001 
823 71.861562 0.000000 -43.045506 99.975829 0.007250 0.002874 0.000483 
824 71.861562 0.000000 -57.967375 99.983995 0.006593 -0.003742 0.000320 
825 87.993750 0.000000 -43.045506 99.991590 0.000130 0.008744 0.000168 
826 7.332812 0.000000 46.485706 100.036628 -0.076208 0.041897 -0.000733 
827 -8.799375 0.000000 46.485706 100.046547 -0.041884 0.072383 -0.000932 
828 7.332812 0.000000 61.407575 100.040951 -0.128944 0.025719 -0.000821 
829 -24.931563 0.000000 46.485706 99.994190 -0.000637 0.024023 0.000116 
830 -41.063750 0.000000 46.485706 100.003751 -0.089516 0.024866 -0.000076 
831 -24.931563 0.000000 61.407575 100.024873 -0.009429 0.027605 -0.000498 
832 -16.865469 0.000000 -20.662703 99.930843 0.061077 -0.060509 0.001382 
833 -24.931563 0.000000 -20.662703 99.928095 0.002935 0.026014 0.001438 
834 -16.865469 0.000000 -28.123637 99.932171 0.010507 -0.020066 0.001356 
835 71.861562 0.000000 46.485706 100.029729 -0.000479 -0.068015 -0.000595 
836 87.993750 0.000000 46.485706 99.992525 -0.000137 -0.020129 0.000149 
837 71.861562 0.000000 61.407575 100.015697 0.000446 -0.030467 -0.000314 
838 -4.766328 0.000000 -9.471302 99.673647 0.152373 -0.361417 0.006501 
839 -8.799375 0.000000 -9.471302 99.776173 0.052517 -0.221703 0.004466 
840 -4.766328 0.000000 -13.201769 99.843888 0.074416 -0.274998 0.003112 
841 -16.865469 0.000000 9.181034 99.829547 -0.031135 -0.009166 0.003406 
842 -24.931563 0.000000 9.181034 99.927228 -0.002564 0.077934 0.001454 
843 -16.865469 0.000000 16.641969 99.888275 -0.011112 0.041213 0.002233 
844 -4.766328 0.000000 5.450567 99.327654 -0.266382 0.349287 0.013382 
845 -8.799375 0.000000 5.450567 99.607640 -0.095709 0.164195 0.007828 
846 -4.766328 0.000000 9.181034 99.611469 -0.152247 0.349845 0.007741 
847 1.283242 0.000000 -3.875601 98.419502 0.068178 -1.921889 0.030990 
848 -0.733281 0.000000 -3.875601 98.597144 0.018874 -1.118830 0.027735 
849 1.283242 0.000000 -5.740834 99.030082 0.022003 -1.196018 0.019161 
850 31.531094 0.000000 24.102903 100.113174 -0.102946 -0.141238 -0.002268 
851 23.465000 0.000000 24.102903 100.117772 -0.065846 -0.005013 -0.002357 
852 31.531094 0.000000 31.563838 100.082002 -0.005300 -0.052787 -0.001641 
853 1.283242 0.000000 3.585334 98.315910 0.032269 2.328063 0.032856 
854 -0.733281 0.000000 3.585334 98.484094 0.011548 1.175082 0.029950 
855 1.283242 0.000000 5.450567 99.023338 0.030701 1.507583 0.019210 
856 13.382383 0.000000 -3.875601 100.631019 0.057241 -3.119565 -0.013634 
857 13.382383 0.000000 -5.740834 100.456724 0.029692 -1.937249 -0.009531 
858 9.349336 0.000000 3.585334 100.132980 0.026915 4.243982 -0.004463 
859 9.349336 0.000000 5.450567 100.146443 0.067772 2.636644 -0.003627 
860 35.564141 0.000000 12.911502 100.044966 0.120000 -0.271425 -0.000908 
861 31.531094 0.000000 12.911502 100.152150 -0.001417 -0.395753 -0.003061 
862 35.564141 0.000000 16.641969 100.138322 0.100779 -0.172564 -0.002772 
863 27.498047 0.000000 12.911502 100.305942 0.048418 -0.350315 -0.006141 
864 23.465000 0.000000 12.911502 100.597517 0.230874 -0.066164 -0.011992 
865 27.498047 0.000000 16.641969 100.186003 0.210179 -0.035673 -0.003728 
866 18.423691 0.000000 -1.077750 -22.714657 0.012492 -0.599334 0.948368 
867 18.423691 0.000000 -0.145134 -22.099565 0.072152 0.526126 0.951133 
868 18.423691 0.000000 0.787483 -21.381189 0.098341 1.724166 0.953986 
869 17.415430 0.000000 0.787483 -19.489434 0.129520 0.941870 0.961926 
870 16.407168 0.000000 0.787483 -17.301881 0.004350 1.052574 0.969954 
871 15.398906 0.000000 0.787483 105.843133 0.169053 4.250095 -0.122086 
872 16.407168 0.000000 -2.942984 104.894592 0.164560 -2.737254 -0.101040 
873 15.398906 0.000000 -2.942984 105.393830 0.174431 -3.850133 -0.112271 
874 16.407168 0.000000 -3.875601 101.201914 -0.080087 -2.527657 -0.024822 
875 22.456738 0.000000 -1.077750 -13.136269 -0.180581 -6.959403 0.977897 
876 23.465000 0.000000 -1.077750 -2.675907 -0.092106 -9.256502 0.990715 
877 22.456738 0.000000 -0.145134 -18.529172 0.038716 -14.599925 0.944351 
878 22.456738 0.000000 0.787483 -33.251743 0.053388 -21.548525 0.842998 
879 23.465000 0.000000 0.787483 -5.224992 -0.049408 -37.466606 0.856895 
880 24.473262 0.000000 -1.077750 7.749249 -0.033681 -8.342371 0.987035 
881 25.481523 0.000000 -1.077750 14.446152 -0.010933 -5.662695 0.975924 
882 24.473262 0.000000 -0.145134 11.948807 -0.024272 -16.990436 0.956855 
883 26.489785 0.000000 -1.077750 17.582326 0.013736 -3.370131 0.967950 
884 27.498047 0.000000 -1.077750 18.820450 0.210072 -1.881219 0.964221 
885 26.489785 0.000000 -0.145134 19.917931 0.024698 -4.766687 0.958055 
886 26.489785 0.000000 0.787483 23.077337 0.032334 -4.562234 0.944662 
887 25.481523 0.000000 0.787483 26.148624 0.010213 -10.461277 0.920681 
888 27.498047 0.000000 0.787483 21.591855 0.050474 -2.377510 0.952814 
889 24.473262 0.000000 0.787483 24.081053 -0.012957 -25.569396 0.876631 
890 63.795469 0.000000 -20.662703 99.921038 0.098283 0.085907 0.001577 
891 63.795469 0.000000 -28.123637 99.933853 0.111899 0.012321 0.001321 
892 71.861562 0.000000 -20.662703 99.913433 0.005439 -0.031859 0.001730 
893 37.580664 0.000000 -0.145134 32.196301 -0.241752 0.193992 0.896330 
894 63.795469 0.000000 24.102903 99.996317 -0.057799 -0.179529 0.000070 
895 71.861562 0.000000 24.102903 99.984615 0.007922 -0.149935 0.000305 
896 63.795469 0.000000 31.563838 100.020871 -0.086435 -0.137176 -0.000420 
897 51.696328 0.000000 12.911502 99.989543 0.009888 -0.685763 0.000162 
898 55.729375 0.000000 12.911502 99.837245 0.055861 -0.468870 0.003230 
899 51.696328 0.000000 16.641969 99.948867 -0.042307 -0.366347 0.001009 
900 28.506309 0.000000 -1.077750 19.098474 -0.140029 -1.104098 0.963401 
901 29.514570 0.000000 -1.077750 19.959245 -0.094942 -0.110660 0.960161 
902 28.506309 0.000000 -0.145134 20.005291 -0.092209 -1.490031 0.959756 
903 30.522832 0.000000 -1.077750 21.940977 0.196989 0.688558 0.951808 
904 31.531094 0.000000 -1.077750 102.971270 -0.208446 1.693194 -0.060599 
905 30.522832 0.000000 -0.145134 22.212993 0.018224 -0.524668 0.950631 
906 30.522832 0.000000 0.787483 22.147008 -0.003591 -1.484619 0.950731 
907 29.514570 0.000000 0.787483 20.963283 -0.052791 -1.157752 0.955920 
908 31.531094 0.000000 0.787483 24.543790 0.000425 -1.339290 0.939581 
909 28.506309 0.000000 0.787483 20.818154 -0.197009 -1.492530 0.956434 
910 32.539355 0.000000 -2.942984 102.941067 -0.315174 2.079405 -0.060129 
911 32.539355 0.000000 -3.875601 100.819198 -0.242150 1.892080 -0.016815 
912 32.539355 0.000000 -2.010367 102.942055 -0.315866 2.087610 -0.060152 
913 32.539355 0.000000 2.652717 99.627153 -0.211312 -1.913815 0.007072 
914 32.539355 0.000000 1.720100 98.608530 -0.185291 -1.560136 0.027389 
915 32.539355 0.000000 3.585334 100.891682 -0.233698 -2.194151 -0.018400 
916 32.539355 0.000000 -1.077750 102.936860 -0.346128 2.196195 -0.060094 
917 33.547617 0.000000 -1.077750 103.016683 -0.224189 2.464281 -0.061856 
918 32.539355 0.000000 -0.145134 26.642966 -0.126776 -0.061309 0.929013 
919 34.555879 0.000000 -1.077750 103.103300 -0.125048 2.502892 -0.063657 
920 35.564141 0.000000 -1.077750 103.161480 -0.254135 2.748300 -0.064991 
921 34.555879 0.000000 -0.145134 29.824298 0.002843 0.004509 0.911051 
922 34.555879 0.000000 0.787483 99.342947 -0.085145 -2.405339 0.012519 
923 33.547617 0.000000 0.787483 28.192884 -0.104227 -0.734379 0.920461 
924 35.564141 0.000000 0.787483 100.715625 -0.251903 -3.120526 -0.015344 
925 32.539355 0.000000 0.787483 26.883307 -0.119791 -1.093823 0.927608 
926 41.613711 0.000000 7.315801 99.925587 -0.029074 -0.976056 0.001392 
927 39.597187 0.000000 7.315801 100.114611 -0.143130 -0.439208 -0.002315 
928 41.613711 0.000000 9.181034 100.299408 -0.053943 -0.543504 -0.006027 
929 42.621973 0.000000 -1.077750 103.276445 -0.103177 3.199208 -0.067627 
930 41.613711 0.000000 -1.077750 103.385102 0.023349 3.122671 -0.069823 
931 42.621973 0.000000 -0.145134 34.474284 0.061394 -0.061500 0.881152 
932 42.621973 0.000000 0.787483 102.685072 -0.911819 -4.919863 -0.056926 
933 41.613711 0.000000 0.787483 101.899173 -0.225675 -6.712609 -0.042855 
934 49.679805 0.000000 7.315801 99.363881 -0.091313 -1.710696 0.012388 
935 51.696328 0.000000 7.315801 99.140532 0.007879 -1.312469 0.016943 
936 49.679805 0.000000 9.181034 99.639974 -0.001247 -1.147141 0.007056 
937 44.638496 0.000000 4.517950 101.222395 -0.047344 -2.249993 -0.025104 
938 43.630234 0.000000 4.517950 100.718438 -0.028804 -1.893107 -0.014779 
939 44.638496 0.000000 5.450567 100.678431 -0.010417 -1.963171 -0.014000 
940 48.671543 0.000000 4.517950 98.999428 -0.054128 -5.008954 0.017402 
941 49.679805 0.000000 4.517950 98.376716 -0.054305 -4.085180 0.030533 
942 48.671543 0.000000 5.450567 99.361530 -0.077588 -3.328216 0.011620 
943 46.150889 0.000000 3.119025 104.727561 -0.081557 -6.171940 -0.100596 
944 45.646758 0.000000 3.119025 103.693626 -0.090002 -4.194533 -0.076997 
945 46.150889 0.000000 3.585334 102.951232 -0.038774 -5.477457 -0.062896 
946 46.402954 0.000000 2.419563 105.322453 -0.119426 -3.372416 -0.110421 
947 46.150889 0.000000 2.419563 104.533709 -0.172106 -3.431753 -0.093910 
948 46.402954 0.000000 2.652717 108.856531 -0.088280 -7.912835 -0.191237 
949 47.411216 0.000000 -1.310905 44.484487 0.012442 28.477443 0.721017 
950 47.663281 0.000000 -1.310905 58.775736 0.013736 21.765378 0.607168 
951 47.411216 0.000000 -1.077750 41.036660 0.016657 17.042105 0.802556 
952 48.167412 0.000000 -2.476676 92.489426 0.063003 12.646260 0.128577 
953 48.167412 0.000000 -2.942984 95.962427 0.094906 9.520108 0.070057 
954 48.671543 0.000000 -2.476676 92.449027 0.121398 8.465354 0.138150 
955 47.411216 0.000000 -2.243521 96.144172 0.062659 29.333039 -0.010413 
956 47.411216 0.000000 -2.476676 99.275252 0.049662 20.943621 -0.029421 
957 47.663281 0.000000 -2.243521 91.338796 0.059826 23.187291 0.111957 
958 48.167412 0.000000 3.119025 97.104545 0.003715 -11.598266 0.043619 
959 48.671543 0.000000 3.119025 96.099160 -0.023424 -9.692978 0.067100 
960 48.167412 0.000000 3.585334 98.384646 -0.001584 -8.632974 0.024593 
961 47.411216 0.000000 2.419563 100.146385 -0.032237 -27.282316 -0.077362 
962 47.663281 0.000000 2.419563 95.489454 -0.025737 -24.331664 0.028973 
963 47.411216 0.000000 2.652717 101.155643 -0.013866 -20.458408 -0.065101 
964 48.167412 0.000000 1.253792 73.470038 -0.189062 -19.364761 0.422712 
965 48.671543 0.000000 1.253792 81.827468 -0.235715 -14.282987 0.310021 
966 47.411216 0.000000 1.486946 51.019103 -0.118702 -44.370836 0.542827 
967 47.411216 0.000000 1.253792 43.297641 -0.101226 -33.769452 0.698493 
968 47.663281 0.000000 1.486946 63.862118 -0.145611 -33.838227 0.477658 
969 46.781052 0.000000 2.069831 76.853424 0.020722 -25.922736 0.342156 
970 46.655020 0.000000 2.069831 112.025557 -0.068252 -3.017302 -0.255883 
971 46.781052 0.000000 2.186408 111.463983 -0.073423 -3.072398 -0.243366 
972 46.402954 0.000000 1.486946 105.321767 -0.119503 -3.374494 -0.110408 
973 46.150889 0.000000 1.486946 104.710856 -0.166142 -3.595004 -0.097731 
974 46.402954 0.000000 1.253792 105.362894 -0.114926 -3.250047 -0.111192 
975 47.411216 0.000000 -0.844596 41.541857 0.034661 4.467540 0.825431 
976 47.663281 0.000000 -0.844596 54.831721 0.025125 6.788140 0.694740 
977 47.411216 0.000000 0.554329 50.275460 0.070094 6.051686 0.743575 
978 47.663281 0.000000 0.554329 58.702227 -0.032571 -4.387150 0.653480 
979 47.411216 0.000000 0.787483 41.778880 -0.022987 -8.801635 0.817706 
980 46.402954 0.000000 -0.844596 20.654810 0.032150 8.999411 0.949239 
981 46.150889 0.000000 -0.844596 24.368689 0.060318 4.417830 0.938665 
982 46.402954 0.000000 -1.077750 17.509733 0.042080 2.548970 0.968691 
983 46.402954 0.000000 0.554329 30.656902 -0.027327 -18.474799 0.871884 
984 46.150889 0.000000 0.554329 29.955505 0.060332 -8.070367 0.903753 
985 46.402954 0.000000 0.787483 21.388819 0.020523 -10.596290 0.943024 
986 46.938593 0.000000 0.000588 0.000000 -264.181648 182.898496 -9.324380 
987 46.907085 0.000000 0.000588 0.000000 -252.730847 176.798480 -8.513058 
988 46.970101 0.000000 0.000588 0.000000 -224.883579 131.022437 -5.773950 
989 46.844069 0.000000 0.146309 0.000000 0.339104 121.086713 -0.466211 
990 46.781052 0.000000 0.146309 0.000000 2.270018 143.222648 -1.051788 
991 46.844069 0.000000 0.204598 0.000000 1.168004 111.516496 -0.243729 
992 15.398906 0.000000 24.102903 100.082937 -0.024572 0.090714 -0.001660 
993 7.332812 0.000000 24.102903 100.065901 -0.000206 0.222970 -0.001323 
994 15.398906 0.000000 31.563838 100.204289 -0.072499 0.095424 -0.004091 
995 -0.733281 0.000000 24.102903 99.985028 -0.032968 0.161219 0.000297 
996 -8.799375 0.000000 24.102903 99.915558 -0.102932 0.063742 0.001687 
997 -0.733281 0.000000 31.563838 99.991502 -0.178188 0.061194 0.000166 
998 -16.865469 0.000000 24.102903 99.963635 -0.093176 0.087811 0.000726 
999 -24.931563 0.000000 24.102903 99.978575 -0.041307 0.089516 0.000427 
1000 -16.865469 0.000000 31.563838 100.012392 -0.042473 0.106301 -0.000249 
1001 19.431953 0.000000 12.911502 100.721943 0.055022 -0.009167 -0.014491 
1002 15.398906 0.000000 12.911502 100.457080 0.053590 0.433587 -0.009182 
1003 19.431953 0.000000 16.641969 100.180678 -0.008738 0.023302 -0.003617 
1004 11.365859 0.000000 12.911502 100.141572 -0.042862 0.534252 -0.002862 
1005 7.332812 0.000000 12.911502 100.074121 -0.041023 0.744826 -0.001539 
1006 11.365859 0.000000 16.641969 100.281818 -0.021567 0.318027 -0.005654 
1007 37.580664 0.000000 7.315801 99.928184 0.065927 -0.421983 0.001418 
1008 35.564141 0.000000 7.315801 99.926040 -0.127763 -0.550616 0.001447 
1009 37.580664 0.000000 9.181034 100.075941 -0.054757 -0.270547 -0.001527 
1010 33.547617 0.000000 7.315801 99.933792 -0.096785 -0.755628 0.001266 
1011 31.531094 0.000000 7.315801 99.898766 -0.029364 -0.812936 0.001957 
1012 33.547617 0.000000 9.181034 100.036710 -0.092330 -0.568697 -0.000768 
1013 42.621973 0.000000 4.517950 100.378988 -0.067976 -1.635395 -0.007862 
1014 41.613711 0.000000 4.517950 100.281986 -0.093970 -1.366986 -0.005835 
1015 42.621973 0.000000 5.450567 100.394491 -0.070687 -1.298970 -0.008075 
1016 46.402954 0.000000 -1.310905 104.179703 -0.078939 3.138692 -0.086327 
1017 46.150889 0.000000 -1.310905 104.179687 -0.078941 3.138732 -0.086326 
1018 46.402954 0.000000 -1.544059 104.186384 -0.076971 3.087059 -0.086434 
1019 47.411216 0.000000 1.020637 40.372283 -0.070727 -21.948847 0.788832 
1020 47.663281 0.000000 1.020637 54.736476 -0.116097 -20.470936 0.658485 
1021 46.402954 0.000000 1.020637 17.633045 0.027105 -3.849633 0.967426 
1022 46.150889 0.000000 1.020637 22.286013 0.065893 -1.902323 0.949971 
1023 3.299766 0.000000 12.911502 99.870210 -0.111992 0.667617 0.002548 
1024 -0.733281 0.000000 12.911502 99.784731 -0.078028 0.440002 0.004281 
1025 3.299766 0.000000 16.641969 99.985831 -0.036770 0.435705 0.000264 
1026 -4.766328 0.000000 12.911502 99.818645 -0.067017 0.292698 0.003615 
1027 -8.799375 0.000000 12.911502 99.805376 -0.063355 0.160223 0.003886 
1028 -4.766328 0.000000 16.641969 99.860184 -0.070152 0.215073 0.002789 
1029 29.514570 0.000000 7.315801 100.049452 -0.096256 -1.221912 -0.001140 
1030 27.498047 0.000000 7.315801 100.176023 -0.085457 -1.497494 -0.003749 
1031 29.514570 0.000000 9.181034 100.038553 0.078853 -0.808577 -0.000837 
1032 25.481523 0.000000 7.315801 100.486439 0.004336 -1.558513 -0.009995 
1033 23.465000 0.000000 7.315801 100.874832 -0.015710 -1.319473 -0.017747 
1034 25.481523 0.000000 9.181034 100.669190 -0.093512 -1.124593 -0.013556 
1035 46.402954 0.000000 -1.777213 106.335174 -0.094741 3.016767 -0.131628 
1036 46.150889 0.000000 -1.777213 103.811966 -0.072970 3.143514 -0.078681 
1037 46.402954 0.000000 -2.010367 106.308186 -0.094667 3.021148 -0.131057 
1038 46.402954 0.000000 -2.243521 104.178860 -0.079039 3.140771 -0.086311 
1039 46.150889 0.000000 -2.243521 103.742423 -0.073976 3.188302 -0.077266 
1040 46.402954 0.000000 -2.476676 104.179403 -0.078975 3.139431 -0.086321 
1 11 62 60 61 
2 62 10 24 60 
3 60 24 14 63 
4 61 60 63 6 
5 24 66 64 65 
6 66 23 40 64 
7 64 40 27 67 
8 65 64 67 14 
9 40 70 68 69 
10 69 68 71 27 
11 6 63 92 93 
12 63 14 36 92 
13 92 36 19 94 
14 93 92 94 20 
15 14 67 95 96 
16 67 27 52 95 
17 95 52 35 97 
18 96 95 97 36 
19 27 71 98 99 
20 99 98 100 52 
21 68 112 110 111 
22 112 56 80 110 
23 110 80 43 113 
24 111 110 113 71 
25 80 116 114 115 
26 116 79 106 114 
27 114 106 83 117 
28 115 114 117 43 
29 124 126 103 127 
30 125 124 127 101 
31 106 130 128 129 
32 130 105 131 128 
33 128 131 109 132 
34 129 128 132 83 
35 138 108 139 137 
36 137 139 59 140 
37 12 143 141 142 
38 143 7 144 141 
39 141 144 13 25 
40 142 141 25 10 
41 25 147 145 146 
42 147 13 148 145 
43 145 148 26 41 
44 146 145 41 23 
45 41 151 149 150 
46 151 26 152 149 
47 149 152 42 57 
48 150 149 57 39 
49 39 155 153 154 
50 155 57 156 153 
51 153 156 55 81 
52 154 153 81 56 
53 81 159 157 158 
54 159 55 160 157 
55 157 160 82 107 
56 158 157 107 79 
57 107 163 161 162 
58 163 82 164 161 
59 161 164 108 138 
60 162 161 138 105 
61 105 167 165 166 
62 167 138 168 165 
63 165 168 137 169 
64 166 165 169 131 
65 170 171 121 172 
66 126 170 172 103 
67 109 140 173 174 
68 140 59 175 173 
69 173 175 126 176 
70 174 173 176 124 
71 131 169 177 178 
72 169 137 179 177 
73 177 179 140 180 
74 178 177 180 109 
75 108 182 181 139 
76 181 183 136 184 
77 139 181 184 59 
78 57 186 185 156 
79 186 42 187 185 
80 185 187 58 89 
81 156 185 89 55 
82 55 189 188 160 
83 189 89 190 188 
84 188 190 88 134 
85 160 188 134 82 
86 82 192 191 164 
87 192 134 193 191 
88 191 193 133 182 
89 164 191 182 108 
90 133 203 202 183 
91 203 135 204 202 
92 202 204 91 205 
93 183 202 205 136 
94 182 208 206 207 
95 208 133 209 206 
96 206 209 183 210 
97 207 206 210 181 
98 214 215 122 216 
99 171 214 216 121 
100 136 205 217 218 
101 205 91 219 217 
102 217 219 171 220 
103 218 217 220 170 
104 89 226 225 190 
105 226 58 227 225 
106 225 227 90 199 
107 190 225 199 88 
108 88 230 228 229 
109 230 199 231 228 
110 135 234 232 233 
111 234 222 235 232 
112 232 235 221 236 
113 233 232 236 204 
114 237 238 214 239 
115 219 237 239 171 
116 91 242 240 241 
117 242 224 243 240 
118 240 243 237 244 
119 241 240 244 219 
120 199 250 249 231 
121 250 90 251 249 
122 228 255 253 254 
123 255 231 256 253 
124 253 256 198 257 
125 254 253 257 222 
126 261 263 215 264 
127 238 261 264 214 
128 224 266 265 243 
129 266 201 267 265 
130 265 267 238 268 
131 243 265 268 237 
132 231 272 271 256 
133 272 249 273 271 
134 256 271 274 198 
135 201 276 275 267 
136 275 277 261 278 
137 267 275 278 238 
138 7 280 279 144 
139 280 16 281 279 
140 279 281 15 32 
141 144 279 32 13 
142 13 283 282 148 
143 283 32 284 282 
144 282 284 31 48 
145 148 282 48 26 
146 26 286 285 152 
147 286 48 287 285 
148 285 287 47 85 
149 152 285 85 42 
150 42 289 288 187 
151 289 85 290 288 
152 288 290 84 195 
153 187 288 195 58 
154 58 292 291 227 
155 292 195 293 291 
156 291 293 194 246 
157 227 291 246 90 
158 90 295 294 251 
159 295 246 296 294 
160 249 299 298 273 
161 299 251 300 298 
162 298 300 200 301 
163 273 298 301 252 
164 198 274 302 303 
165 274 252 304 302 
166 302 304 269 305 
167 303 302 305 223 
168 271 308 306 307 
169 308 273 309 306 
170 306 309 252 310 
171 307 306 310 274 
172 223 305 311 312 
173 305 269 313 311 
174 311 313 262 276 
175 312 311 276 201 
176 314 316 258 317 
177 263 314 317 215 
178 262 319 318 277 
179 319 5 320 318 
180 318 320 263 321 
181 277 318 321 261 
182 276 324 322 323 
183 324 262 325 322 
184 322 325 277 326 
185 323 322 326 275 
186 251 330 329 300 
187 330 294 331 329 
188 329 331 297 332 
189 300 329 332 200 
190 5 334 333 320 
191 334 315 335 333 
192 333 335 314 336 
193 320 333 336 263 
194 15 338 337 33 
195 338 17 339 337 
196 337 339 8 340 
197 33 337 340 18 
198 31 342 341 49 
199 342 33 343 341 
200 341 343 18 344 
201 49 341 344 34 
202 346 49 347 345 
203 345 347 34 348 
204 246 358 357 296 
205 358 194 359 357 
206 294 362 361 331 
207 362 296 363 361 
208 361 363 245 364 
209 331 361 364 297 
210 18 340 365 45 
211 340 8 366 365 
212 365 366 29 367 
213 45 365 367 28 
214 34 344 368 73 
215 344 18 369 368 
216 368 369 45 370 
217 73 368 370 44 
218 348 34 372 371 
219 371 372 73 373 
220 380 382 259 383 
221 316 380 383 258 
222 315 385 384 335 
223 385 248 386 384 
224 384 386 316 387 
225 335 384 387 314 
226 296 391 390 363 
227 391 357 392 390 
228 390 392 360 393 
229 363 390 393 245 
230 248 395 394 386 
231 395 381 396 394 
232 394 396 380 397 
233 386 394 397 316 
234 195 399 398 293 
235 399 84 400 398 
236 398 400 196 354 
237 293 398 354 194 
238 194 402 401 359 
239 402 354 403 401 
240 357 406 405 392 
241 406 359 407 405 
242 405 407 247 408 
243 392 405 408 360 
244 409 411 377 412 
245 382 409 412 259 
246 381 414 413 396 
247 414 197 415 413 
248 413 415 382 416 
249 396 413 416 380 
250 354 422 421 403 
251 422 196 423 421 
252 421 423 355 424 
253 403 421 424 353 
254 401 429 427 428 
255 429 403 430 427 
256 427 430 353 431 
257 428 427 431 404 
258 356 436 435 411 
259 436 87 437 435 
260 435 437 378 438 
261 411 435 438 377 
262 410 441 439 440 
263 441 356 442 439 
264 439 442 411 443 
265 440 439 443 409 
266 85 445 444 290 
267 445 47 446 444 
268 444 446 86 350 
269 290 444 350 84 
270 84 448 447 400 
271 448 350 449 447 
272 447 449 349 418 
273 400 447 418 196 
274 196 451 450 423 
275 451 418 452 450 
276 423 450 453 355 
277 87 455 454 437 
278 437 454 457 378 
279 86 459 458 351 
280 459 345 460 458 
281 458 460 348 461 
282 351 458 461 50 
283 463 351 464 462 
284 462 464 50 465 
285 418 467 466 452 
286 467 349 468 466 
287 355 453 470 471 
288 471 470 455 87 
289 450 475 473 474 
290 475 452 476 473 
291 473 476 417 477 
292 474 473 477 453 
293 50 461 478 375 
294 461 348 479 478 
295 478 479 371 480 
296 375 478 480 119 
297 465 50 482 481 
298 481 482 375 483 
299 455 490 488 489 
300 490 420 491 488 
301 488 491 456 492 
302 489 488 492 454 
303 496 462 497 495 
304 495 497 465 498 
305 417 506 504 505 
306 506 469 500 504 
307 504 500 493 507 
308 505 504 507 472 
309 350 509 508 449 
310 509 86 510 508 
311 508 510 351 463 
312 449 508 463 349 
313 349 512 511 468 
314 512 463 513 511 
315 511 513 462 496 
316 466 516 514 515 
317 516 468 517 514 
318 469 520 518 519 
319 519 518 522 500 
320 498 465 524 523 
321 523 524 481 525 
322 420 532 531 491 
323 532 485 527 531 
324 531 527 484 533 
325 491 531 533 456 
326 485 539 537 538 
327 538 537 541 527 
328 543 496 544 542 
329 542 544 495 545 
330 468 551 550 517 
331 551 511 552 550 
332 550 552 496 543 
333 514 555 553 554 
334 555 517 556 553 
335 501 559 557 558 
336 558 557 561 521 
337 452 563 562 476 
338 563 466 515 562 
339 562 515 469 506 
340 476 562 506 417 
341 515 566 564 565 
342 566 514 554 564 
343 565 564 520 469 
344 554 569 567 568 
345 569 553 570 567 
346 567 570 547 559 
347 568 567 559 501 
348 419 572 571 548 
349 572 543 573 571 
350 571 573 542 574 
351 548 571 574 502 
352 547 576 575 560 
353 576 419 577 575 
354 575 577 548 578 
355 560 575 578 546 
356 559 581 579 580 
357 581 547 582 579 
358 579 582 560 583 
359 580 579 583 557 
360 585 498 586 584 
361 584 586 523 587 
362 545 495 593 592 
363 592 593 498 585 
364 472 507 603 604 
365 507 493 535 603 
366 603 535 485 532 
367 604 603 532 420 
368 535 607 605 606 
369 606 605 539 485 
370 595 610 608 609 
371 610 594 611 608 
372 608 611 589 600 
373 609 608 600 528 
374 352 613 612 590 
375 613 585 614 612 
376 612 614 584 615 
377 590 612 615 529 
378 589 617 616 601 
379 617 352 618 616 
380 616 618 590 619 
381 601 616 619 588 
382 600 622 620 621 
383 622 589 623 620 
384 620 623 601 624 
385 539 627 625 626 
386 627 528 599 625 
387 625 599 540 628 
388 626 625 628 537 
389 528 631 629 630 
390 631 600 621 629 
391 629 621 598 632 
392 630 629 632 599 
393 21 46 633 634 
394 46 28 635 633 
395 633 635 30 636 
396 634 633 636 9 
397 37 74 637 638 
398 74 44 639 637 
399 637 639 46 640 
400 638 637 640 21 
401 53 120 641 642 
402 120 72 643 641 
403 641 643 74 644 
404 642 641 644 37 
405 118 376 645 646 
406 376 119 647 645 
407 645 647 72 648 
408 646 645 648 120 
409 212 434 649 650 
410 434 374 651 649 
411 649 651 376 652 
412 650 649 652 118 
413 432 487 653 654 
414 487 433 655 653 
415 653 655 374 656 
416 654 653 656 434 
417 484 530 657 658 
418 530 486 659 657 
419 657 659 433 660 
420 658 657 660 487 
421 526 591 661 662 
422 591 529 663 661 
423 661 663 486 664 
424 662 661 664 530 
425 540 602 665 666 
426 602 588 667 665 
427 665 667 591 668 
428 666 665 668 526 
429 598 624 669 670 
430 624 601 671 669 
431 669 671 588 672 
432 670 669 672 602 
433 621 675 673 674 
434 675 620 676 673 
435 673 676 624 677 
436 674 673 677 598 
437 521 561 682 683 
438 561 546 684 682 
439 682 684 549 685 
440 683 682 685 499 
441 557 583 686 687 
442 583 560 688 686 
443 686 688 546 689 
444 687 686 689 561 
445 534 695 693 694 
446 695 596 696 693 
447 693 696 594 610 
448 694 693 610 595 
449 500 522 697 698 
450 698 697 699 493 
451 499 685 700 701 
452 685 549 702 700 
453 700 702 678 703 
454 701 700 703 679 
455 493 699 704 705 
456 705 704 607 535 
457 691 708 706 707 
458 708 690 709 706 
459 706 709 596 695 
460 707 706 695 534 
461 679 703 710 711 
462 703 678 712 710 
463 494 718 717 692 
464 718 545 719 717 
465 717 719 592 720 
466 692 717 720 536 
467 681 722 721 716 
468 722 494 723 721 
469 721 723 692 724 
470 716 721 724 690 
471 727 681 728 725 
472 725 728 716 729 
473 699 732 730 731 
474 732 503 715 730 
475 730 715 691 733 
476 731 730 733 704 
477 503 736 734 735 
478 735 734 737 715 
479 729 716 740 738 
480 738 740 690 741 
481 739 738 741 708 
482 744 725 745 742 
483 742 745 729 746 
484 715 737 747 748 
485 747 739 708 749 
486 748 747 749 691 
487 734 752 750 751 
488 752 726 743 750 
489 750 743 714 753 
490 751 750 753 737 
491 714 746 754 755 
492 746 729 756 754 
493 754 756 738 757 
494 755 754 757 739 
495 743 760 758 759 
496 760 742 761 758 
497 758 761 746 762 
498 759 758 762 714 
499 502 574 763 680 
500 574 542 764 763 
501 763 764 545 718 
502 680 763 718 494 
503 678 766 765 712 
504 766 680 767 765 
505 765 767 494 722 
506 712 765 722 681 
507 710 770 768 769 
508 770 712 771 768 
509 768 771 681 727 
510 769 768 727 713 
511 713 774 772 773 
512 774 727 775 772 
513 772 775 725 744 
514 697 778 776 777 
515 778 679 711 776 
516 776 711 503 732 
517 777 776 732 699 
518 711 781 779 780 
519 781 710 769 779 
520 779 769 713 736 
521 780 779 736 503 
522 736 784 782 783 
523 784 713 773 782 
524 782 773 726 752 
525 783 782 752 734 
526 773 787 785 786 
527 787 772 788 785 
528 785 788 744 789 
529 786 785 789 726 
530 1 792 790 791 
531 792 12 142 790 
532 790 142 10 62 
533 791 790 62 11 
534 16 794 793 281 
535 794 2 795 793 
536 793 795 17 338 
537 281 793 338 15 
538 19 38 796 797 
539 38 21 634 796 
540 796 634 9 798 
541 797 796 798 22 
542 20 94 799 800 
543 94 19 797 799 
544 799 797 22 801 
545 800 799 801 4 
546 10 804 802 803 
547 804 25 146 802 
548 802 146 23 66 
549 803 802 66 24 
550 28 367 805 635 
551 367 29 806 805 
552 805 806 3 807 
553 635 805 807 30 
554 32 809 808 284 
555 809 15 810 808 
556 808 810 33 342 
557 284 808 342 31 
558 35 54 811 812 
559 54 37 638 811 
560 811 638 21 813 
561 812 811 813 38 
562 36 97 814 815 
563 97 35 812 814 
564 814 812 38 816 
565 815 814 816 19 
566 23 819 817 818 
567 819 41 150 817 
568 817 150 39 70 
569 818 817 70 40 
570 44 370 820 639 
571 370 45 821 820 
572 820 821 28 822 
573 639 820 822 46 
574 48 824 823 287 
575 824 31 825 823 
576 823 825 49 346 
577 287 823 346 47 
578 51 78 826 827 
579 78 53 642 826 
580 826 642 37 828 
581 827 826 828 54 
582 52 100 829 830 
583 100 51 827 829 
584 829 827 54 831 
585 830 829 831 35 
586 70 834 832 833 
587 834 39 154 832 
588 832 154 56 112 
589 833 832 112 68 
590 72 373 835 643 
591 373 73 836 835 
592 835 836 44 837 
593 643 835 837 74 
594 56 840 838 839 
595 840 81 158 838 
596 838 158 79 116 
597 839 838 116 80 
598 71 113 841 842 
599 113 43 102 841 
600 841 102 76 843 
601 842 841 843 98 
602 43 117 844 845 
603 117 83 125 844 
604 844 125 101 846 
605 845 844 846 102 
606 79 849 847 848 
607 849 107 162 847 
608 847 162 105 130 
609 848 847 130 106 
610 77 213 850 851 
611 213 118 646 850 
612 850 646 120 852 
613 851 850 852 53 
614 83 132 853 854 
615 132 109 174 853 
616 853 174 124 855 
617 854 853 855 125 
618 134 857 856 193 
619 857 88 229 856 
620 856 229 135 203 
621 193 856 203 133 
622 59 184 858 175 
623 184 136 218 858 
624 858 218 170 859 
625 175 858 859 126 
626 211 379 860 861 
627 379 212 650 860 
628 860 650 118 862 
629 861 860 862 213 
630 122 260 863 864 
631 260 211 861 863 
632 863 861 213 865 
633 864 863 865 77 
634 222 257 866 235 
635 257 198 303 866 
636 866 303 223 867 
637 235 866 867 221 
638 221 867 868 869 
639 867 223 312 868 
640 868 312 201 266 
641 869 868 266 224 
642 204 236 870 871 
643 236 221 869 870 
644 870 869 224 242 
645 871 870 242 91 
646 229 874 872 873 
647 874 228 254 872 
648 872 254 222 234 
649 873 872 234 135 
650 252 301 875 304 
651 301 200 876 875 
652 875 876 270 877 
653 304 875 877 269 
654 269 877 878 313 
655 877 270 879 878 
656 878 879 5 319 
657 313 878 319 262 
658 200 332 880 876 
659 332 297 881 880 
660 880 881 327 882 
661 876 880 882 270 
662 297 364 883 881 
663 364 245 884 883 
664 883 884 328 885 
665 881 883 885 327 
666 327 885 886 887 
667 885 328 888 886 
668 886 888 248 385 
669 887 886 385 315 
670 270 882 889 879 
671 882 327 887 889 
672 889 887 315 334 
673 879 889 334 5 
674 47 891 890 446 
675 891 346 892 890 
676 890 892 345 459 
677 446 890 459 86 
678 353 424 893 426 
679 424 355 471 893 
680 893 471 87 436 
681 426 893 436 356 
682 119 480 894 647 
683 480 371 895 894 
684 894 895 373 896 
685 647 894 896 72 
686 374 483 897 651 
687 483 375 898 897 
688 897 898 119 899 
689 651 897 899 376 
690 245 393 900 884 
691 393 360 901 900 
692 900 901 388 902 
693 884 900 902 328 
694 360 408 903 901 
695 408 247 904 903 
696 903 904 389 905 
697 901 903 905 388 
698 388 905 906 907 
699 905 389 908 906 
700 906 908 197 414 
701 907 906 414 381 
702 328 902 909 888 
703 902 388 907 909 
704 909 907 381 395 
705 888 909 395 248 
706 359 911 910 407 
707 911 401 428 910 
708 910 428 404 912 
709 407 910 912 247 
710 197 914 913 415 
711 914 410 440 913 
712 913 440 409 915 
713 415 913 915 382 
714 247 912 916 904 
715 912 404 917 916 
716 916 917 425 918 
717 904 916 918 389 
718 404 431 919 917 
719 431 353 920 919 
720 919 920 426 921 
721 917 919 921 425 
722 425 921 922 923 
723 921 426 924 922 
724 922 924 356 441 
725 923 922 441 410 
726 389 918 925 908 
727 918 425 923 925 
728 925 923 410 914 
729 908 925 914 197 
730 378 457 926 927 
731 457 432 654 926 
732 926 654 434 928 
733 927 926 928 212 
734 453 477 929 930 
735 477 417 505 929 
736 929 505 472 931 
737 930 929 931 470 
738 470 931 932 933 
739 931 472 604 932 
740 932 604 420 490 
741 933 932 490 455 
742 433 525 934 655 
743 525 481 935 934 
744 934 935 483 936 
745 655 934 936 374 
746 456 533 937 938 
747 533 484 658 937 
748 937 658 487 939 
749 938 937 939 432 
750 486 587 940 659 
751 587 523 941 940 
752 940 941 525 942 
753 659 940 942 433 
754 527 541 943 944 
755 541 526 662 943 
756 943 662 530 945 
757 944 943 945 484 
758 537 628 946 947 
759 628 540 666 946 
760 946 666 526 948 
761 947 946 948 541 
762 546 578 949 684 
763 578 548 950 949 
764 949 950 502 951 
765 684 949 951 549 
766 517 953 952 556 
767 953 550 954 952 
768 952 954 543 572 
769 556 952 572 419 
770 553 956 955 570 
771 956 556 957 955 
772 955 957 419 576 
773 570 955 576 547 
774 529 615 958 663 
775 615 584 959 958 
776 958 959 587 960 
777 663 958 960 486 
778 588 619 961 667 
779 619 590 962 961 
780 961 962 529 963 
781 667 961 963 591 
782 536 720 964 597 
783 720 592 965 964 
784 964 965 585 613 
785 597 964 613 352 
786 594 967 966 611 
787 967 597 968 966 
788 966 968 352 617 
789 611 966 617 589 
790 599 632 969 970 
791 632 598 670 969 
792 969 670 602 971 
793 970 969 971 540 
794 605 974 972 973 
795 974 595 609 972 
796 972 609 528 627 
797 973 972 627 539 
798 549 951 975 702 
799 951 502 976 975 
800 975 976 680 766 
801 702 975 766 678 
802 690 724 977 709 
803 724 692 978 977 
804 977 978 536 979 
805 709 977 979 596 
806 522 982 980 981 
807 982 499 701 980 
808 980 701 679 778 
809 981 980 778 697 
810 704 733 983 984 
811 733 691 707 983 
812 983 707 534 985 
813 984 983 985 607 
814 726 789 986 987 
815 789 744 988 986 
816 986 988 742 760 
817 987 986 760 743 
818 737 753 989 990 
819 753 714 755 989 
820 989 755 739 991 
821 990 989 991 747 
822 75 123 992 993 
823 123 77 851 992 
824 992 851 53 994 
825 993 992 994 78 
826 76 104 995 996 
827 104 75 993 995 
828 995 993 78 997 
829 996 995 997 51 
830 98 843 998 999 
831 843 76 996 998 
832 998 996 51 1000 
833 999 998 1000 100 
834 121 216 1001 1002 
835 216 122 864 1001 
836 1001 864 77 1003 
837 1002 1001 1003 123 
838 103 172 1004 1005 
839 172 121 1002 1004 
840 1004 1002 123 1006 
841 1005 1004 1006 75 
842 377 438 1007 1008 
843 438 378 927 1007 
844 1007 927 212 1009 
845 1008 1007 1009 379 
846 259 412 1010 1011 
847 412 377 1008 1010 
848 1010 1008 379 1012 
849 1011 1010 1012 211 
850 454 492 1013 1014 
851 492 456 938 1013 
852 1013 938 432 1015 
853 1014 1013 1015 457 
854 518 1018 1016 1017 
855 1018 521 683 1016 
856 1016 683 499 982 
857 1017 1016 982 522 
858 596 979 1019 696 
859 979 536 1020 1019 
860 1019 1020 597 967 
861 696 1019 967 594 
862 607 985 1021 1022 
863 985 534 694 1021 
864 1021 694 595 974 
865 1022 1021 974 605 
866 101 127 1023 1024 
867 127 103 1005 1023 
868 1023 1005 75 1025 
869 1024 1023 1025 104 
870 102 846 1026 1027 
871 846 101 1024 1026 
872 1026 1024 104 1028 
873 1027 1026 1028 76 
874 258 383 1029 1030 
875 383 259 1011 1029 
876 1029 1011 211 1031 
877 1030 1029 1031 260 
878 215 317 1032 1033 
879 317 258 1030 1032 
880 1032 1030 260 1034 
881 1033 1032 1034 122 
882 520 1037 1035 1036 
883 1037 501 558 1035 
884 1035 558 521 1018 
885 1036 1035 1018 518 
886 564 1040 1038 1039 
887 1040 554 568 1038 
888 1038 568 501 1037 
889 1039 1038 1037 520 
