2 0.000000 100.000000 157.431060
25 16 
1 -180.237465 0.000000 -220.469468 99.984770 0.000000 1.745241 0.000609 
2 287.513550 0.000000 -220.469468 99.984770 0.000000 1.745241 0.000609 
3 287.513550 0.000000 227.666535 99.984770 0.000000 1.745241 0.000609 
4 -180.237465 0.000000 227.666535 99.984770 0.000000 1.745241 0.000609 
5 53.638043 0.000000 3.598533 100.030620 -0.000000 2.146371 -0.000152 
6 -180.237465 0.000000 3.598533 99.984770 0.000000 1.745241 0.000609 
7 53.638043 0.000000 -220.469468 99.984770 0.000000 1.745241 0.000609 
8 287.513550 0.000000 3.598533 99.964656 -0.000000 2.901204 0.001550 
9 53.638043 0.000000 227.666535 99.984770 0.000000 1.745241 0.000609 
10 -63.299711 0.000000 -108.435467 99.984770 0.000000 1.745241 0.000609 
11 -180.237465 0.000000 -108.435467 99.984770 0.000000 1.745241 0.000609 
12 -63.299711 0.000000 -220.469468 99.984770 0.000000 1.745241 0.000609 
13 53.638043 0.000000 -108.435467 99.984770 0.000000 1.745241 0.000609 
14 -63.299711 0.000000 3.598533 99.984770 0.000000 1.745241 0.000609 
15 170.575796 0.000000 -108.435467 99.984770 0.000000 1.745241 0.000609 
16 170.575796 0.000000 -220.469468 99.984770 0.000000 1.745241 0.000609 
17 287.513550 0.000000 -108.435467 99.991453 -0.000000 1.741927 0.000475 
18 170.575796 0.000000 3.598533 99.964545 -0.000000 2.909438 0.001557 
19 170.575796 0.000000 115.632534 99.984770 0.000000 1.745241 0.000609 
20 53.638043 0.000000 115.632534 99.984770 0.000000 1.745241 0.000609 
21 287.513550 0.000000 115.632534 99.977532 0.000000 1.743647 0.000754 
22 170.575796 0.000000 227.666535 99.984770 0.000000 1.745241 0.000609 
23 -63.299711 0.000000 115.632534 99.984770 0.000000 1.745241 0.000609 
24 -180.237465 0.000000 115.632534 99.984770 0.000000 1.745241 0.000609 
25 -63.299711 0.000000 227.666535 99.984770 0.000000 1.745241 0.000609 
1 1 12 10 11 
2 12 7 13 10 
3 10 13 5 14 
4 11 10 14 6 
5 7 16 15 13 
6 16 2 17 15 
7 15 17 8 18 
8 13 15 18 5 
9 5 18 19 20 
10 18 8 21 19 
11 19 21 3 22 
12 20 19 22 9 
13 6 14 23 24 
14 14 5 20 23 
15 23 20 9 25 
16 24 23 25 4 
