2 0.000000 100.000000 211.018442
25 16 
1 -180.237465 0.000000 -220.469468 99.617758 -0.000000 8.716290 0.000033 
2 287.513550 0.000000 -220.469468 99.618984 -0.000001 8.700442 0.000036 
3 287.513550 0.000000 227.666535 99.622658 -0.000001 8.696006 -0.000029 
4 -180.237465 0.000000 227.666535 99.621351 -0.000000 8.716242 -0.000039 
5 53.638043 0.000000 3.598533 98.521829 -0.000019 13.107252 0.012165 
6 -180.237465 0.000000 3.598533 99.619600 -0.000000 8.717006 -0.000005 
7 53.638043 0.000000 -220.469468 99.605984 -0.000000 8.706817 0.000284 
8 287.513550 0.000000 3.598533 99.706965 -0.000198 7.713980 -0.000098 
9 53.638043 0.000000 227.666535 99.633375 -0.000000 8.706772 -0.000262 
10 -63.299711 0.000000 -108.435467 99.612198 -0.000000 8.718500 0.000140 
11 -180.237465 0.000000 -108.435467 99.618346 -0.000000 8.716776 0.000020 
12 -63.299711 0.000000 -220.469468 99.613335 -0.000000 8.715797 0.000122 
13 53.638043 0.000000 -108.435467 99.565576 -0.000002 8.677798 0.001139 
14 -63.299711 0.000000 3.598533 99.620045 -0.000000 8.721580 -0.000022 
15 170.575796 0.000000 -108.435467 99.617779 -0.000004 8.654154 0.000140 
16 170.575796 0.000000 -220.469468 99.614817 -0.000001 8.699541 0.000121 
17 287.513550 0.000000 -108.435467 99.622625 -0.000003 8.664490 0.000026 
18 170.575796 0.000000 3.598533 99.591626 -0.000269 9.026907 0.000002 
19 170.575796 0.000000 115.632534 99.631407 -0.000003 8.643820 -0.000113 
20 53.638043 0.000000 115.632534 99.671226 -0.000001 8.680987 -0.000971 
21 287.513550 0.000000 115.632534 99.627762 -0.000005 8.631010 -0.000019 
22 170.575796 0.000000 227.666535 99.626283 -0.000001 8.698013 -0.000105 
23 -63.299711 0.000000 115.632534 99.627310 -0.000000 8.718232 -0.000161 
24 -180.237465 0.000000 115.632534 99.620823 -0.000000 8.716739 -0.000029 
25 -63.299711 0.000000 227.666535 99.625853 -0.000000 8.715641 -0.000127 
1 1 12 10 11 
2 12 7 13 10 
3 10 13 5 14 
4 11 10 14 6 
5 7 16 15 13 
6 16 2 17 15 
7 15 17 8 18 
8 13 15 18 5 
9 5 18 19 20 
10 18 8 21 19 
11 19 21 3 22 
12 20 19 22 9 
13 6 14 23 24 
14 14 5 20 23 
15 23 20 9 25 
16 24 23 25 4 
