2 0.000000 100.000000 211.018442
25 16 
1 -213.943881 0.000000 -224.819368 99.984514 0.000006 1.745347 0.000005 
2 279.589215 0.000000 -224.819368 99.984554 0.000114 1.742331 0.000005 
3 279.589215 0.000000 233.731852 99.985076 -0.000116 1.742383 -0.000005 
4 -213.943881 0.000000 233.731852 99.985033 -0.000007 1.745341 -0.000005 
5 32.822667 0.000000 4.456242 100.342525 -0.000737 1.779807 -0.007179 
6 -213.943881 0.000000 4.456242 99.984780 -0.000000 1.745444 -0.000000 
7 32.822667 0.000000 -224.819368 99.982460 0.000047 1.743819 0.000047 
8 279.589215 0.000000 4.456242 99.910928 0.000640 5.979689 -0.001795 
9 32.822667 0.000000 233.731852 99.986936 -0.000048 1.743914 -0.000043 
10 -90.560607 0.000000 -110.181563 99.983747 0.000010 1.745679 0.000020 
11 -213.943881 0.000000 -110.181563 99.984603 0.000003 1.745414 0.000003 
12 -90.560607 0.000000 -224.819368 99.983837 0.000015 1.745288 0.000019 
13 32.822667 0.000000 -110.181563 99.975325 0.000069 1.739463 0.000191 
14 -90.560607 0.000000 4.456242 99.984836 -0.000001 1.746062 -0.000002 
15 156.205941 0.000000 -110.181563 99.983905 0.000225 1.733280 0.000021 
16 156.205941 0.000000 -224.819368 99.983861 0.000097 1.742350 0.000019 
17 279.589215 0.000000 -110.181563 99.984788 0.000240 1.733945 0.000004 
18 156.205941 0.000000 4.456242 99.955834 -0.001202 3.406497 -0.000277 
19 156.205941 0.000000 119.094047 99.985996 -0.000221 1.734497 -0.000021 
20 32.822667 0.000000 119.094047 99.992932 -0.000071 1.740293 -0.000162 
21 279.589215 0.000000 119.094047 99.985133 -0.000245 1.734328 -0.000003 
22 156.205941 0.000000 233.731852 99.985726 -0.000096 1.742511 -0.000018 
23 -90.560607 0.000000 119.094047 99.985825 -0.000011 1.745636 -0.000021 
24 -213.943881 0.000000 119.094047 99.984951 -0.000004 1.745409 -0.000004 
25 -90.560607 0.000000 233.731852 99.985688 -0.000016 1.745270 -0.000018 
1 1 12 10 11 
2 12 7 13 10 
3 10 13 5 14 
4 11 10 14 6 
5 7 16 15 13 
6 16 2 17 15 
7 15 17 8 18 
8 13 15 18 5 
9 5 18 19 20 
10 18 8 21 19 
11 19 21 3 22 
12 20 19 22 9 
13 6 14 23 24 
14 14 5 20 23 
15 23 20 9 25 
16 24 23 25 4 
