2 0.000000 100.000000 178.105148
25 16 
1 -213.943881 0.000000 -224.819368 99.984770 0.000000 1.745241 0.000609 
2 279.589215 0.000000 -224.819368 99.987227 0.001953 1.743420 0.000560 
3 279.589215 0.000000 233.731852 99.982200 -0.002057 1.743641 0.000660 
4 -213.943881 0.000000 233.731852 99.984770 0.000000 1.745241 0.000609 
5 32.822667 0.000000 4.456242 100.338774 0.000000 1.574802 -0.006524 
6 -213.943881 0.000000 4.456242 99.984770 0.000000 1.745241 0.000609 
7 32.822667 0.000000 -224.819368 99.984770 0.000000 1.745241 0.000609 
8 279.589215 0.000000 4.456242 99.883103 0.010548 7.569921 0.008090 
9 32.822667 0.000000 233.731852 99.984770 0.000000 1.745241 0.000609 
10 -90.560607 0.000000 -110.181563 99.984770 0.000000 1.745241 0.000609 
11 -213.943881 0.000000 -110.181563 99.984770 0.000000 1.745241 0.000609 
12 -90.560607 0.000000 -224.819368 99.984770 0.000000 1.745241 0.000609 
13 32.822667 0.000000 -110.181563 99.984770 0.000000 1.745241 0.000609 
14 -90.560607 0.000000 4.456242 99.984770 0.000000 1.745241 0.000609 
15 156.205941 0.000000 -110.181563 99.996961 0.004839 1.740004 0.000364 
16 156.205941 0.000000 -224.819368 99.984770 0.000000 1.745241 0.000609 
17 279.589215 0.000000 -110.181563 99.985690 0.002889 1.732312 0.000586 
18 156.205941 0.000000 4.456242 99.958083 0.007579 3.269904 0.001909 
19 156.205941 0.000000 119.094047 99.971600 0.000019 1.741733 0.000872 
20 32.822667 0.000000 119.094047 99.984770 0.000000 1.745241 0.000609 
21 279.589215 0.000000 119.094047 99.984282 -0.003111 1.732895 0.000615 
22 156.205941 0.000000 233.731852 99.984770 0.000000 1.745241 0.000609 
23 -90.560607 0.000000 119.094047 99.984770 0.000000 1.745241 0.000609 
24 -213.943881 0.000000 119.094047 99.984770 0.000000 1.745241 0.000609 
25 -90.560607 0.000000 233.731852 99.984770 0.000000 1.745241 0.000609 
1 1 12 10 11 
2 12 7 13 10 
3 10 13 5 14 
4 11 10 14 6 
5 7 16 15 13 
6 16 2 17 15 
7 15 17 8 18 
8 13 15 18 5 
9 5 18 19 20 
10 18 8 21 19 
11 19 21 3 22 
12 20 19 22 9 
13 6 14 23 24 
14 14 5 20 23 
15 23 20 9 25 
16 24 23 25 4 
