2 0.000000 100.000000 178.105148
62 43 
1 -144.530000 0.000000 -163.870000 99.619470 0.000000 8.715574 0.015276 
2 207.520000 0.000000 -163.870000 99.659240 -0.000000 8.710927 0.014466 
3 207.520000 0.000000 167.670000 99.588242 0.000000 8.697555 0.015873 
4 -144.530000 0.000000 167.670000 99.619470 0.000000 8.715574 0.015276 
5 31.495000 0.000000 1.900000 99.619470 0.000000 0.000000 0.007617 
6 -144.530000 0.000000 1.900000 99.619470 0.000000 8.715574 0.015276 
7 31.495000 0.000000 -163.870000 99.619470 0.000000 8.715574 0.015276 
8 207.520000 0.000000 1.900000 99.886879 0.000000 5.677092 0.005495 
9 31.495000 0.000000 167.670000 99.619470 0.000000 8.715574 0.015276 
10 119.507500 0.000000 -80.985000 99.794573 0.001572 8.690263 0.011705 
11 31.495000 0.000000 -80.985000 99.619470 0.000000 8.715574 0.015276 
12 119.507500 0.000000 -163.870000 99.619470 0.000000 8.715574 0.015276 
13 207.520000 0.000000 -80.985000 99.639382 -0.000000 8.620271 0.014707 
14 119.507500 0.000000 1.900000 100.176976 0.000000 2.416045 -0.002956 
15 -56.517500 0.000000 -80.985000 99.619470 0.000000 8.715574 0.015276 
16 -144.530000 0.000000 -80.985000 99.619470 0.000000 8.715574 0.015276 
17 -56.517500 0.000000 -163.870000 99.619470 0.000000 8.715574 0.015276 
18 -56.517500 0.000000 1.900000 99.619470 0.000000 8.715574 0.015276 
19 119.507500 0.000000 84.785000 99.477319 -0.001591 8.661958 0.018045 
20 31.495000 0.000000 84.785000 99.619470 0.000000 8.715574 0.015276 
21 207.520000 0.000000 84.785000 99.629109 0.000000 8.515087 0.014732 
22 119.507500 0.000000 167.670000 99.619470 0.000000 8.715574 0.015276 
23 75.501250 0.000000 -39.542500 100.358035 0.000000 8.666966 0.000338 
24 31.495000 0.000000 -39.542500 99.619470 0.000000 8.715574 0.015276 
25 75.501250 0.000000 -80.985000 99.619470 0.000000 8.715574 0.015276 
26 119.507500 0.000000 -39.542500 99.698852 -0.000000 8.344743 0.013038 
27 75.501250 0.000000 1.900000 100.471880 0.000002 -0.708101 -0.009378 
28 -56.517500 0.000000 84.785000 99.619470 0.000000 8.715574 0.015276 
29 -144.530000 0.000000 84.785000 99.619470 0.000000 8.715574 0.015276 
30 -56.517500 0.000000 167.670000 99.619470 0.000000 8.715574 0.015276 
31 -12.511250 0.000000 -39.542500 99.619470 0.000000 8.715574 0.015276 
32 -56.517500 0.000000 -39.542500 99.619470 0.000000 8.715574 0.015276 
33 -12.511250 0.000000 -80.985000 99.619470 0.000000 8.715574 0.015276 
34 -12.511250 0.000000 1.900000 99.619470 0.000000 8.715574 0.015276 
35 75.501250 0.000000 43.342500 99.162862 -0.000000 8.518716 0.024136 
36 31.495000 0.000000 43.342500 99.619470 0.000000 8.715574 0.015276 
37 119.507500 0.000000 43.342500 99.648898 -0.000000 8.011178 0.013493 
38 75.501250 0.000000 84.785000 99.619470 0.000000 8.715574 0.015276 
39 53.498125 0.000000 -18.821250 98.358647 0.000000 6.883871 0.037800 
40 31.495000 0.000000 -18.821250 99.619470 0.000000 8.715574 0.015276 
41 53.498125 0.000000 -39.542500 99.137619 0.000000 8.311785 0.024291 
42 75.501250 0.000000 -18.821250 99.940589 0.000000 7.421692 0.006712 
43 53.498125 0.000000 1.900000 100.613484 -0.000002 -0.005680 -0.012253 
44 -12.511250 0.000000 43.342500 99.619470 0.000000 8.715574 0.015276 
45 -56.517500 0.000000 43.342500 99.619470 0.000000 8.715574 0.015276 
46 -12.511250 0.000000 84.785000 99.619470 0.000000 8.715574 0.015276 
47 9.491875 0.000000 -18.821250 99.619470 0.000000 8.715574 0.015276 
48 -12.511250 0.000000 -18.821250 99.619470 0.000000 8.715574 0.015276 
49 9.491875 0.000000 -39.542500 99.619470 0.000000 8.715574 0.015276 
50 9.491875 0.000000 1.900000 99.619470 0.000000 8.715574 0.015276 
51 53.498125 0.000000 22.621250 100.880292 -0.000000 6.883871 -0.012884 
52 31.495000 0.000000 22.621250 99.619470 0.000000 8.715574 0.015276 
53 75.501250 0.000000 22.621250 99.659779 -0.000000 6.740448 0.011383 
54 53.498125 0.000000 43.342500 100.101320 -0.000000 8.311785 0.004890 
55 42.496562 0.000000 -8.460625 97.553181 0.000000 5.532661 0.052357 
56 31.495000 0.000000 -8.460625 97.621637 -0.000000 6.619684 0.052341 
57 42.496562 0.000000 -18.821250 98.135176 0.000000 7.221431 0.042808 
58 53.498125 0.000000 -8.460625 103.197590 0.000000 6.698549 -0.059182 
59 42.496562 0.000000 1.900000 99.684465 0.000000 4.609054 0.008451 
60 9.491875 0.000000 22.621250 99.619470 0.000000 8.715574 0.015276 
61 -12.511250 0.000000 22.621250 99.619470 0.000000 8.715574 0.015276 
62 9.491875 0.000000 43.342500 99.619470 0.000000 8.715574 0.015276 
1 7 12 10 11 
2 12 2 13 10 
3 10 13 8 14 
4 1 17 15 16 
5 17 7 11 15 
6 16 15 18 6 
7 14 8 21 19 
8 19 21 3 22 
9 20 19 22 9 
10 11 25 23 24 
11 25 10 26 23 
12 23 26 14 27 
13 6 18 28 29 
14 28 20 9 30 
15 29 28 30 4 
16 15 33 31 32 
17 33 11 24 31 
18 32 31 34 18 
19 27 14 37 35 
20 35 37 19 38 
21 36 35 38 20 
22 24 41 39 40 
23 41 23 42 39 
24 39 42 27 43 
25 18 34 44 45 
26 44 36 20 46 
27 45 44 46 28 
28 31 49 47 48 
29 49 24 40 47 
30 47 40 5 50 
31 48 47 50 34 
32 5 43 51 52 
33 43 27 53 51 
34 51 53 35 54 
35 52 51 54 36 
36 40 57 55 56 
37 57 39 58 55 
38 55 58 43 59 
39 56 55 59 5 
40 34 50 60 61 
41 50 5 52 60 
42 60 52 36 62 
43 61 60 62 44 
