2 0.000000 100.000000 5791.461216
742 613 
1 -234.650000 0.000000 -237.029800 99.999999 -0.000044 -0.000149 0.000000 
2 281.580000 0.000000 -237.029800 100.000038 -0.000312 0.000838 -0.000001 
3 281.580000 0.000000 240.470000 99.999844 0.000287 0.000518 0.000003 
4 -234.650000 0.000000 240.470000 99.999879 0.000031 0.000136 0.000002 
5 23.465000 0.000000 1.720100 98.788164 -0.081384 0.555030 0.024058 
6 -234.650000 0.000000 1.720100 99.999528 -0.000013 -0.000043 0.000009 
7 23.465000 0.000000 -237.029800 100.000586 -0.000154 0.000233 -0.000012 
8 281.580000 0.000000 1.720100 99.999576 0.146286 6.017326 -0.003614 
9 23.465000 0.000000 240.470000 100.000044 0.000134 0.000274 -0.000001 
10 -105.592500 0.000000 -117.654850 99.999643 -0.000083 -0.001191 0.000007 
11 -234.650000 0.000000 -117.654850 99.999778 -0.000034 -0.000235 0.000004 
12 -105.592500 0.000000 -237.029800 100.000202 -0.000081 -0.000234 -0.000004 
13 23.465000 0.000000 -117.654850 100.003730 -0.000264 0.000304 -0.000075 
14 -105.592500 0.000000 1.720100 99.996357 -0.000044 -0.000029 0.000073 
15 152.522500 0.000000 -117.654850 99.999974 -0.000613 0.004027 0.000001 
16 152.522500 0.000000 -237.029800 100.000293 -0.000248 0.000844 -0.000006 
17 281.580000 0.000000 -117.654850 99.999809 -0.000743 0.003064 0.000004 
18 152.522500 0.000000 1.720100 99.995309 0.149166 6.024686 -0.003538 
19 -105.592500 0.000000 121.095050 99.999378 0.000035 0.001020 0.000012 
20 -234.650000 0.000000 121.095050 99.999693 0.000014 0.000168 0.000006 
21 23.465000 0.000000 121.095050 100.001144 0.000179 0.000966 -0.000023 
22 -105.592500 0.000000 240.470000 99.999917 0.000063 0.000299 0.000002 
23 -41.063750 0.000000 -57.967375 100.004015 -0.006598 -0.023622 -0.000080 
24 -105.592500 0.000000 -57.967375 99.997925 -0.000072 -0.001648 0.000041 
25 -41.063750 0.000000 -117.654850 100.000830 -0.000146 -0.002233 -0.000017 
26 23.465000 0.000000 -57.967375 99.973076 0.013204 -0.004697 0.000538 
27 -41.063750 0.000000 1.720100 99.959077 0.008513 0.022400 0.000818 
28 152.522500 0.000000 121.095050 99.999135 0.000526 0.001364 0.000017 
29 281.580000 0.000000 121.095050 99.999617 0.000615 0.002504 0.000008 
30 152.522500 0.000000 240.470000 99.999875 0.000229 0.000294 0.000002 
31 87.993750 0.000000 -57.967375 99.988200 -0.006183 0.011584 0.000236 
32 87.993750 0.000000 -117.654850 100.001771 -0.000446 0.004354 -0.000035 
33 152.522500 0.000000 -57.967375 99.997948 -0.001579 0.013395 0.000041 
34 87.993750 0.000000 1.720100 99.928577 0.163083 5.999589 -0.002174 
35 -41.063750 0.000000 61.407575 100.016713 0.008723 0.024852 -0.000334 
36 -105.592500 0.000000 61.407575 99.997980 -0.000002 0.001444 0.000040 
37 23.465000 0.000000 61.407575 100.011529 -0.011487 0.004550 -0.000231 
38 -41.063750 0.000000 121.095050 99.999984 0.000070 0.001940 0.000000 
39 -8.799375 0.000000 -28.123637 99.952006 0.000852 -0.077195 0.000959 
40 -41.063750 0.000000 -28.123637 99.976987 0.005633 -0.020420 0.000460 
41 -8.799375 0.000000 -57.967375 100.007415 0.009371 -0.025896 -0.000148 
42 23.465000 0.000000 -28.123637 99.967073 0.037099 -0.055952 0.000658 
43 -8.799375 0.000000 1.720100 99.539792 -0.005965 0.030141 0.009183 
44 87.993750 0.000000 61.407575 100.005136 0.004050 -0.017010 -0.000103 
45 152.522500 0.000000 61.407575 99.997229 0.001122 0.008525 0.000055 
46 87.993750 0.000000 121.095050 99.999825 0.000380 0.000048 0.000004 
47 55.729375 0.000000 -28.123637 100.003371 -0.006697 0.154706 -0.000070 
48 55.729375 0.000000 -57.967375 100.021618 0.006495 0.032117 -0.000433 
49 87.993750 0.000000 -28.123637 99.970475 0.008664 0.068987 0.000590 
50 55.729375 0.000000 1.720100 97.848282 0.411514 7.438422 0.037021 
51 -8.799375 0.000000 31.563838 100.001467 -0.010534 0.088583 -0.000030 
52 -41.063750 0.000000 31.563838 99.979308 -0.002492 0.013900 0.000414 
53 23.465000 0.000000 31.563838 100.059483 -0.037867 0.025280 -0.001190 
54 -8.799375 0.000000 61.407575 100.000589 -0.007875 0.016220 -0.000012 
55 7.332812 0.000000 -13.201769 99.988152 0.097005 -0.623449 0.000197 
56 -8.799375 0.000000 -13.201769 99.799872 0.063713 -0.135243 0.003996 
57 7.332812 0.000000 -28.123637 100.027013 0.053842 -0.146371 -0.000543 
58 23.465000 0.000000 -13.201769 100.004408 0.070105 -0.381923 -0.000103 
59 7.332812 0.000000 1.720100 108.716289 0.030394 9.541089 -0.191026 
60 -170.121250 0.000000 -57.967375 99.999183 -0.000040 -0.000459 0.000016 
61 -234.650000 0.000000 -57.967375 99.999617 -0.000025 -0.000183 0.000008 
62 -170.121250 0.000000 -117.654850 99.999657 -0.000052 -0.000505 0.000007 
63 -170.121250 0.000000 1.720100 99.998896 -0.000021 -0.000050 0.000022 
64 -73.328125 0.000000 -28.123637 99.986017 -0.001932 0.017070 0.000280 
65 -105.592500 0.000000 -28.123637 99.996804 -0.000061 -0.001114 0.000064 
66 -73.328125 0.000000 -57.967375 99.996651 -0.000105 -0.003828 0.000067 
67 -73.328125 0.000000 1.720100 99.991403 0.000981 0.024283 0.000172 
68 -24.931563 0.000000 -13.201769 99.916002 0.004278 -0.029601 0.001679 
69 -41.063750 0.000000 -13.201769 99.957539 0.014270 0.005661 0.000849 
70 -24.931563 0.000000 -28.123637 99.929922 -0.011591 0.013348 0.001401 
71 -24.931563 0.000000 1.720100 99.893929 0.000946 0.021866 0.002120 
72 55.729375 0.000000 31.563838 100.024685 -0.007931 -0.102449 -0.000495 
73 87.993750 0.000000 31.563838 99.981419 0.003446 -0.008946 0.000372 
74 55.729375 0.000000 61.407575 100.000498 -0.007456 -0.009605 -0.000010 
75 7.332812 0.000000 16.641969 99.994770 -0.097165 0.359348 0.000091 
76 -8.799375 0.000000 16.641969 99.909258 0.020558 0.209858 0.001810 
77 23.465000 0.000000 16.641969 100.322401 -0.131750 0.145908 -0.006462 
78 7.332812 0.000000 31.563838 100.040183 -0.056405 0.102305 -0.000805 
79 -0.733281 0.000000 -5.740834 99.172605 -0.022646 -0.790420 0.016417 
80 -8.799375 0.000000 -5.740834 99.629333 0.016185 -0.170065 0.007397 
81 -0.733281 0.000000 -13.201769 99.753798 -0.042060 -0.372617 0.004904 
82 7.332812 0.000000 -5.740834 99.766546 0.062336 -2.045526 0.004245 
83 -0.733281 0.000000 1.720100 97.570468 0.002575 1.117864 0.047875 
84 39.597187 0.000000 -13.201769 100.001714 -0.077361 0.608381 -0.000072 
85 39.597187 0.000000 -28.123637 100.082627 0.047748 0.071896 -0.001654 
86 55.729375 0.000000 -13.201769 99.574810 0.019235 0.443440 0.008466 
87 39.597187 0.000000 1.720100 101.137179 0.244561 0.385797 -0.022894 
88 15.398906 0.000000 -5.740834 100.394922 0.340353 -1.407999 -0.008124 
89 15.398906 0.000000 -13.201769 100.227555 0.179385 -0.682103 -0.004606 
90 23.465000 0.000000 -5.740834 100.625190 0.300829 -1.182797 -0.012692 
91 15.398906 0.000000 1.720100 105.634611 0.010867 3.458707 -0.117063 
92 -170.121250 0.000000 61.407575 99.999126 0.000001 0.000346 0.000017 
93 -234.650000 0.000000 61.407575 99.999573 0.000001 0.000101 0.000009 
94 -170.121250 0.000000 121.095050 99.999517 0.000021 0.000412 0.000010 
95 -73.328125 0.000000 31.563838 100.000820 0.003557 0.023212 -0.000016 
96 -105.592500 0.000000 31.563838 99.996940 -0.000024 0.001070 0.000061 
97 -73.328125 0.000000 61.407575 99.996959 -0.000006 0.003189 0.000061 
98 -24.931563 0.000000 16.641969 99.940748 -0.002179 0.051879 0.001184 
99 -41.063750 0.000000 16.641969 99.973412 0.000616 0.030548 0.000532 
100 -24.931563 0.000000 31.563838 100.037783 -0.084056 0.105548 -0.000758 
101 -0.733281 0.000000 9.181034 99.552092 -0.097193 0.468708 0.008915 
102 -8.799375 0.000000 9.181034 99.731570 -0.020646 0.212975 0.005357 
103 7.332812 0.000000 9.181034 99.827589 -0.067309 0.984434 0.003348 
104 -0.733281 0.000000 16.641969 99.856992 -0.053334 0.288489 0.002849 
105 3.299766 0.000000 -2.010367 110.972021 0.038387 -16.494091 -0.258685 
106 -0.733281 0.000000 -2.010367 97.792667 0.022227 -1.158661 0.043525 
107 3.299766 0.000000 -5.740834 99.268717 0.042891 -1.634471 0.014305 
108 7.332812 0.000000 -2.010367 108.684163 0.086905 -10.077647 -0.191381 
109 3.299766 0.000000 1.720100 111.120655 0.018310 14.764614 -0.256579 
110 -16.865469 0.000000 -5.740834 99.839138 -0.009472 -0.030634 0.003215 
111 -24.931563 0.000000 -5.740834 99.895481 0.002908 -0.008238 0.002089 
112 -16.865469 0.000000 -13.201769 99.771955 -0.155748 0.105136 0.004552 
113 -16.865469 0.000000 1.720100 99.825250 -0.004840 0.032536 0.003492 
114 -4.766328 0.000000 -2.010367 99.147450 0.009947 -0.176711 0.016975 
115 -8.799375 0.000000 -2.010367 99.546296 0.006080 -0.088030 0.009053 
116 -4.766328 0.000000 -5.740834 99.406503 0.014033 -0.299770 0.011826 
117 -4.766328 0.000000 1.720100 99.132872 -0.001520 0.162642 0.017265 
118 39.597187 0.000000 16.641969 100.440425 -0.285015 -0.099685 -0.008837 
119 55.729375 0.000000 16.641969 100.146821 0.305672 -0.473926 -0.002970 
120 39.597187 0.000000 31.563838 100.153523 0.003713 -0.114482 -0.003074 
121 15.398906 0.000000 9.181034 100.252229 -0.314586 0.921246 -0.005146 
122 23.465000 0.000000 9.181034 100.887100 -0.377851 0.289842 -0.017843 
123 15.398906 0.000000 16.641969 100.205606 0.007468 0.374064 -0.004130 
124 3.299766 0.000000 5.450567 99.194690 -0.060964 1.647704 0.015769 
125 -0.733281 0.000000 5.450567 99.091369 -0.070840 0.707260 0.018040 
126 7.332812 0.000000 5.450567 99.735171 -0.076445 2.099174 0.004848 
127 3.299766 0.000000 9.181034 99.651797 -0.023274 0.823474 0.006884 
128 1.283242 0.000000 -0.145134 109.911559 0.012873 -1.331410 -0.208232 
129 -0.733281 0.000000 -0.145134 108.856577 0.009216 -0.251404 -0.184982 
130 1.283242 0.000000 -2.010367 112.685068 0.044910 -21.917118 -0.317829 
131 3.299766 0.000000 -0.145134 111.332116 0.022300 -0.864073 -0.239559 
132 1.283242 0.000000 1.720100 110.858910 0.017521 23.595182 -0.284643 
133 11.365859 0.000000 -2.010367 107.909418 0.150277 -6.734117 -0.168981 
134 11.365859 0.000000 -5.740834 100.199140 0.267455 -2.021132 -0.004402 
135 15.398906 0.000000 -2.010367 106.279576 0.000362 -3.637443 -0.130858 
136 11.365859 0.000000 1.720100 107.914886 0.038229 6.624035 -0.168950 
137 5.316289 0.000000 -0.145134 109.164904 0.029073 -0.619188 -0.191736 
138 5.316289 0.000000 -2.010367 109.106948 0.053615 -12.288553 -0.205534 
139 7.332812 0.000000 -0.145134 108.716853 0.044099 -1.592912 -0.182189 
140 5.316289 0.000000 1.720100 109.137894 0.021495 11.469049 -0.204262 
141 11.365859 0.000000 5.450567 100.245368 -0.076135 2.178582 -0.005389 
142 15.398906 0.000000 5.450567 100.363823 -0.038506 1.396041 -0.007485 
143 11.365859 0.000000 9.181034 100.084151 -0.224878 1.036176 -0.001796 
144 9.349336 0.000000 -0.145134 108.452996 0.054122 -0.441724 -0.176225 
145 9.349336 0.000000 -2.010367 108.334957 0.128734 -8.266773 -0.180482 
146 11.365859 0.000000 -0.145134 107.962828 0.080274 -0.296417 -0.165607 
147 9.349336 0.000000 1.720100 108.404198 0.043245 8.087035 -0.181687 
148 31.531094 0.000000 -5.740834 101.018651 -0.114982 1.438822 -0.020685 
149 31.531094 0.000000 -13.201769 100.153282 -0.377692 0.345233 -0.003094 
150 39.597187 0.000000 -5.740834 99.688351 -0.283545 1.636479 0.005947 
151 31.531094 0.000000 1.720100 100.703957 -0.131589 -2.508204 -0.014760 
152 19.431953 0.000000 -2.010367 103.522409 -0.034473 -2.074312 -0.072119 
153 19.431953 0.000000 -5.740834 100.466804 0.534602 -1.133664 -0.009515 
154 23.465000 0.000000 -2.010367 103.950124 -0.165954 -4.544939 -0.082631 
155 19.431953 0.000000 1.720100 102.783725 -0.023056 0.448513 -0.056470 
156 13.382383 0.000000 -0.145134 107.106794 -0.033513 -0.245122 -0.147193 
157 13.382383 0.000000 -2.010367 107.184272 -0.081673 -5.411173 -0.151776 
158 15.398906 0.000000 -0.145134 106.291359 0.000374 -3.715299 -0.131166 
159 13.382383 0.000000 1.720100 107.061663 -0.036654 5.209993 -0.148935 
160 31.531094 0.000000 9.181034 100.497674 -0.575997 -0.402468 -0.010028 
161 39.597187 0.000000 9.181034 100.094493 0.050615 -0.348912 -0.001903 
162 31.531094 0.000000 16.641969 100.301068 -0.097788 -0.043796 -0.006032 
163 19.431953 0.000000 5.450567 100.334452 -0.011334 1.771156 -0.007014 
164 23.465000 0.000000 5.450567 101.719118 -0.034837 1.396939 -0.034873 
165 19.431953 0.000000 9.181034 100.392746 -0.600843 0.628135 -0.007946 
166 13.382383 0.000000 3.585334 107.068966 -0.045872 5.680095 -0.149603 
167 11.365859 0.000000 3.585334 108.071917 0.069326 7.686239 -0.173862 
168 15.398906 0.000000 3.585334 105.560523 0.014796 3.758180 -0.115715 
169 13.382383 0.000000 5.450567 100.400103 -0.445403 1.972151 -0.008427 
170 17.415430 0.000000 3.585334 100.321064 -0.010627 1.552124 -0.006673 
171 17.415430 0.000000 1.720100 100.137056 -0.008987 1.094425 -0.002863 
172 19.431953 0.000000 3.585334 99.136371 -0.015118 2.943828 0.016331 
173 17.415430 0.000000 5.450567 100.388465 -0.004514 1.446015 -0.007993 
174 -41.063750 0.000000 -177.342325 100.000687 -0.000128 -0.000524 -0.000014 
175 -105.592500 0.000000 -177.342325 100.000139 -0.000085 -0.000556 -0.000003 
176 -41.063750 0.000000 -237.029800 100.000426 -0.000113 -0.000116 -0.000009 
177 23.465000 0.000000 -177.342325 100.001237 -0.000194 0.000329 -0.000025 
178 -8.799375 0.000000 -87.811112 99.995422 -0.013980 -0.007236 0.000092 
179 -41.063750 0.000000 -87.811112 99.986202 -0.005200 0.003468 0.000276 
180 -8.799375 0.000000 -117.654850 100.002464 -0.000197 -0.001810 -0.000049 
181 23.465000 0.000000 -87.811112 99.989577 -0.008430 -0.004189 0.000208 
182 7.332812 0.000000 -43.045506 100.006713 -0.000311 -0.035540 -0.000134 
183 -8.799375 0.000000 -43.045506 99.996218 0.090812 -0.032733 0.000075 
184 7.332812 0.000000 -57.967375 100.003748 -0.005581 -0.016877 -0.000075 
185 23.465000 0.000000 -43.045506 100.087472 0.055355 -0.016267 -0.001751 
186 15.398906 0.000000 -20.662703 100.038612 -0.048941 -0.327840 -0.000783 
187 7.332812 0.000000 -20.662703 99.905199 0.020721 -0.223488 0.001890 
188 15.398906 0.000000 -28.123637 100.061378 0.004221 -0.131056 -0.001230 
189 23.465000 0.000000 -20.662703 100.276587 0.150865 -0.202167 -0.005546 
190 19.431953 0.000000 -9.471302 100.276093 0.248477 -0.607815 -0.005573 
191 15.398906 0.000000 -9.471302 100.223972 0.280970 -0.949404 -0.004582 
192 19.431953 0.000000 -13.201769 100.127822 0.144085 -0.529012 -0.002588 
193 23.465000 0.000000 -9.471302 100.419959 0.060598 -0.656777 -0.008460 
194 17.415430 0.000000 -3.875601 101.049694 -0.005398 -1.790326 -0.021425 
195 15.398906 0.000000 -3.875601 100.745165 -0.141346 -2.393044 -0.015533 
196 17.415430 0.000000 -5.740834 100.538991 0.451759 -1.275828 -0.010992 
197 19.431953 0.000000 -3.875601 100.604097 -0.016306 -1.294417 -0.012286 
198 17.415430 0.000000 -2.010367 104.239911 -0.021351 -1.256511 -0.086754 
199 27.498047 0.000000 -2.010367 104.912361 -0.684977 -2.890660 -0.101543 
200 27.498047 0.000000 -5.740834 101.348482 -0.452647 -0.137788 -0.027174 
201 31.531094 0.000000 -2.010367 103.863920 -0.267401 1.523938 -0.079011 
202 27.498047 0.000000 1.720100 102.781700 -0.617099 1.146120 -0.056577 
203 21.448477 0.000000 -3.875601 100.418478 -0.028782 -1.588748 -0.008640 
204 21.448477 0.000000 -5.740834 100.448327 0.375976 -1.160289 -0.009135 
205 23.465000 0.000000 -3.875601 100.711557 -0.270613 -1.852751 -0.014632 
206 21.448477 0.000000 -2.010367 103.511404 -0.066874 -3.889274 -0.072974 
207 17.415430 0.000000 -0.145134 -3.727062 -0.000793 -0.437422 0.998592 
208 19.431953 0.000000 -0.145134 -4.565445 -0.000435 1.932605 0.997542 
209 18.423691 0.000000 -2.942984 103.619880 -0.029040 -0.948228 -0.073798 
210 17.415430 0.000000 -2.942984 104.481604 -0.018506 -1.380775 -0.091831 
211 18.423691 0.000000 -3.875601 100.882115 -0.012268 -1.423357 -0.017923 
212 19.431953 0.000000 -2.942984 103.482971 -0.038644 -2.543231 -0.071519 
213 18.423691 0.000000 -2.010367 103.621980 -0.029743 -1.010603 -0.073854 
214 27.498047 0.000000 5.450567 101.821552 -0.717140 -0.816712 -0.036881 
215 31.531094 0.000000 5.450567 100.539608 -0.054698 -1.580029 -0.011071 
216 27.498047 0.000000 9.181034 100.732358 -0.154753 -0.189079 -0.014707 
217 21.448477 0.000000 3.585334 100.953122 -0.018386 5.047964 -0.021702 
218 21.448477 0.000000 1.720100 96.883522 -0.027093 3.020565 0.060446 
219 23.465000 0.000000 3.585334 103.296830 -0.045250 3.264017 -0.068089 
220 21.448477 0.000000 5.450567 100.881259 -0.015274 2.047817 -0.018122 
221 18.423691 0.000000 2.652717 108.460647 -0.023755 0.563784 -0.176403 
222 17.415430 0.000000 2.652717 100.069714 -0.010295 1.180983 -0.001534 
223 18.423691 0.000000 1.720100 105.045006 -0.019821 0.699189 -0.103494 
224 19.431953 0.000000 2.652717 104.347518 -0.027411 0.574832 -0.088874 
225 18.423691 0.000000 3.585334 99.556071 -0.012990 1.889968 0.008502 
226 87.993750 0.000000 -177.342325 100.000930 -0.000278 0.001407 -0.000019 
227 87.993750 0.000000 -237.029800 100.000508 -0.000202 0.000635 -0.000010 
228 152.522500 0.000000 -177.342325 100.000329 -0.000358 0.001700 -0.000007 
229 55.729375 0.000000 -87.811112 99.992666 -0.006710 0.000420 0.000147 
230 55.729375 0.000000 -117.654850 100.003331 -0.000350 0.002987 -0.000067 
231 87.993750 0.000000 -87.811112 100.013321 0.006215 0.015903 -0.000266 
232 39.597187 0.000000 -43.045506 100.032583 0.007731 0.024855 -0.000652 
233 39.597187 0.000000 -57.967375 100.014485 0.025588 0.011388 -0.000290 
234 55.729375 0.000000 -43.045506 99.998623 0.013021 0.041541 0.000027 
235 31.531094 0.000000 -20.662703 100.252435 0.024201 0.008056 -0.005055 
236 31.531094 0.000000 -28.123637 100.012126 0.055219 -0.009520 -0.000243 
237 39.597187 0.000000 -20.662703 100.261889 0.051808 0.162721 -0.005248 
238 27.498047 0.000000 -9.471302 100.546051 0.125592 -0.211874 -0.010957 
239 27.498047 0.000000 -13.201769 100.308390 0.095195 0.005131 -0.006178 
240 31.531094 0.000000 -9.471302 100.422612 -0.440085 0.789148 -0.008552 
241 25.481523 0.000000 -3.875601 101.357094 0.121776 -1.965403 -0.027714 
242 25.481523 0.000000 -5.740834 100.966158 0.115494 -1.089550 -0.019537 
243 27.498047 0.000000 -3.875601 102.270571 -0.564015 -0.611798 -0.045996 
244 25.481523 0.000000 -2.010367 104.725864 -0.578525 -4.180768 -0.098532 
245 21.448477 0.000000 -0.145134 -6.018187 0.004334 3.109616 0.995411 
246 23.465000 0.000000 -0.145134 -6.322018 0.038657 2.571572 0.995342 
247 22.456738 0.000000 -2.942984 103.560858 -0.077869 -4.330514 -0.074361 
248 21.448477 0.000000 -2.942984 103.525109 -0.070304 -3.992896 -0.073340 
249 22.456738 0.000000 -3.875601 100.492198 -0.354232 -1.721827 -0.010177 
250 23.465000 0.000000 -2.942984 104.059520 -0.191507 -4.611483 -0.084969 
251 22.456738 0.000000 -2.010367 103.574967 -0.083753 -4.338604 -0.074660 
252 25.481523 0.000000 3.585334 103.994975 0.036321 0.161561 -0.081498 
253 25.481523 0.000000 1.720100 100.869022 -0.271885 -3.866339 -0.018958 
254 27.498047 0.000000 3.585334 103.475515 -0.653854 2.396476 -0.071335 
255 25.481523 0.000000 5.450567 102.036776 0.116999 0.061525 -0.041152 
256 22.456738 0.000000 2.652717 100.669393 -0.037495 3.841733 -0.014909 
257 21.448477 0.000000 2.652717 96.908136 -0.036661 3.942962 0.059326 
258 22.456738 0.000000 1.720100 100.469797 -0.014569 4.946092 -0.011864 
259 23.465000 0.000000 2.652717 104.316163 -0.085746 4.013995 -0.089798 
260 22.456738 0.000000 3.585334 102.083171 -0.013045 4.459127 -0.044086 
261 217.051250 0.000000 -57.967375 99.999155 -0.001702 0.011803 0.000017 
262 217.051250 0.000000 -117.654850 99.999748 -0.000701 0.003361 0.000005 
263 281.580000 0.000000 -57.967375 99.999605 -0.001742 0.011443 0.000008 
264 217.051250 0.000000 1.720100 99.998794 0.147695 6.020964 -0.003603 
265 120.258125 0.000000 -28.123637 99.989546 -0.004412 0.051241 0.000209 
266 120.258125 0.000000 -57.967375 99.997122 0.018175 0.017470 0.000057 
267 152.522500 0.000000 -28.123637 99.996214 -0.004070 0.045682 0.000076 
268 120.258125 0.000000 1.720100 99.984413 0.149337 6.028120 -0.003324 
269 71.861562 0.000000 -13.201769 99.844130 -0.008991 0.255011 0.003108 
270 71.861562 0.000000 -28.123637 99.965055 0.006686 0.109707 0.000698 
271 87.993750 0.000000 -13.201769 99.936572 0.002735 0.159544 0.001266 
272 71.861562 0.000000 1.720100 99.743304 0.150667 6.013503 0.001509 
273 47.663281 0.000000 -5.740834 99.978953 -0.011402 3.327341 -0.000686 
274 47.663281 0.000000 -13.201769 99.785779 -0.027432 0.821236 0.004212 
275 55.729375 0.000000 -5.740834 98.940688 0.260170 1.198861 0.020924 
276 47.663281 0.000000 1.720100 69.453274 -0.131919 -32.677135 0.410843 
277 35.564141 0.000000 -2.010367 105.246798 -0.230648 2.642896 -0.108393 
278 35.564141 0.000000 -5.740834 100.058745 -0.181371 1.856089 -0.001523 
279 39.597187 0.000000 -2.010367 106.332608 0.383581 3.070911 -0.131620 
280 35.564141 0.000000 1.720100 100.927273 -0.302852 -2.155279 -0.019105 
281 29.514570 0.000000 -3.875601 102.927029 -0.671078 1.604905 -0.059700 
282 29.514570 0.000000 -5.740834 101.379888 -0.568911 0.839503 -0.027891 
283 31.531094 0.000000 -3.875601 104.080685 -0.278754 2.090627 -0.083724 
284 29.514570 0.000000 -2.010367 103.629965 -0.558939 -0.197031 -0.073952 
285 25.481523 0.000000 -0.145134 -7.047090 0.155497 3.039934 0.994107 
286 27.498047 0.000000 -0.145134 -8.505053 -0.031217 2.450992 0.992166 
287 26.489785 0.000000 -2.942984 105.026461 -0.878988 -3.784668 -0.104565 
288 25.481523 0.000000 -2.942984 104.713671 -0.568511 -4.212279 -0.098302 
289 26.489785 0.000000 -3.875601 101.787549 -0.477429 -1.299563 -0.036262 
290 27.498047 0.000000 -2.942984 104.886054 -0.686331 -2.766868 -0.100921 
291 26.489785 0.000000 -2.010367 105.009142 -0.843729 -3.711016 -0.104140 
292 217.051250 0.000000 61.407575 99.998887 0.001163 0.010043 0.000022 
293 281.580000 0.000000 61.407575 99.999480 0.001175 0.010345 0.000010 
294 217.051250 0.000000 121.095050 99.999371 0.000589 0.002191 0.000013 
295 120.258125 0.000000 31.563838 99.988456 0.001620 0.033392 0.000231 
296 152.522500 0.000000 31.563838 99.995790 0.002169 0.037046 0.000084 
297 120.258125 0.000000 61.407575 99.994876 0.022492 0.005875 0.000102 
298 71.861562 0.000000 16.641969 99.887030 0.004010 0.013495 0.002258 
299 87.993750 0.000000 16.641969 99.952292 0.015004 0.078918 0.000953 
300 71.861562 0.000000 31.563838 100.002379 0.073890 -0.051960 -0.000048 
301 47.663281 0.000000 9.181034 99.579040 0.086984 -0.929367 0.008314 
302 55.729375 0.000000 9.181034 99.796437 0.239589 -0.829504 0.003993 
303 47.663281 0.000000 16.641969 100.189078 0.014543 -0.291396 -0.003794 
304 35.564141 0.000000 5.450567 100.087914 -0.084718 -0.781896 -0.001821 
305 39.597187 0.000000 5.450567 99.330109 -0.265563 -0.839939 0.013275 
306 35.564141 0.000000 9.181034 100.422068 -0.032467 -0.190688 -0.008463 
307 29.514570 0.000000 3.585334 102.424107 -0.430283 -0.031117 -0.049088 
308 29.514570 0.000000 1.720100 101.870980 -0.418482 -1.332875 -0.037965 
309 31.531094 0.000000 3.585334 101.242282 -0.153967 -1.878317 -0.025355 
310 29.514570 0.000000 5.450567 101.264590 -0.732451 -1.570108 -0.025752 
311 26.489785 0.000000 2.652717 104.863955 -0.578661 1.006158 -0.099780 
312 25.481523 0.000000 2.652717 105.902401 -0.301390 2.481940 -0.122157 
313 26.489785 0.000000 1.720100 104.718331 -0.561654 0.195631 -0.096628 
314 27.498047 0.000000 2.652717 102.904582 -0.622978 1.339518 -0.059154 
315 26.489785 0.000000 3.585334 106.117739 -0.612568 3.564001 -0.127405 
316 35.564141 0.000000 -9.471302 100.155061 -0.101555 0.889416 -0.003184 
317 35.564141 0.000000 -13.201769 99.981487 -0.385967 0.502247 0.000330 
318 39.597187 0.000000 -9.471302 99.881211 -0.177052 0.895663 0.002291 
319 33.547617 0.000000 -3.875601 104.586650 -0.271387 2.419920 -0.094430 
320 33.547617 0.000000 -5.740834 100.540692 -0.161251 1.970133 -0.011234 
321 35.564141 0.000000 -3.875601 105.164791 -0.264615 2.773722 -0.106740 
322 33.547617 0.000000 -2.010367 104.570961 -0.243945 2.213095 -0.094004 
323 29.514570 0.000000 -0.145134 -6.094260 -0.339259 2.116719 0.995826 
324 31.531094 0.000000 -0.145134 1.214318 0.067117 1.369997 0.999664 
325 30.522832 0.000000 -2.942984 103.583419 -0.285072 1.159739 -0.073095 
326 29.514570 0.000000 -2.942984 103.655958 -0.551671 -0.226320 -0.074491 
327 30.522832 0.000000 -3.875601 103.423155 -0.295688 0.973023 -0.069738 
328 31.531094 0.000000 -2.942984 103.865583 -0.267351 1.518671 -0.079044 
329 30.522832 0.000000 -2.010367 103.567724 -0.277437 1.038300 -0.072743 
330 33.547617 0.000000 3.585334 102.226280 -0.235208 -2.323262 -0.045567 
331 33.547617 0.000000 1.720100 100.339709 -0.192079 -2.644339 -0.007509 
332 35.564141 0.000000 3.585334 102.881504 -0.366280 -2.577419 -0.059138 
333 33.547617 0.000000 5.450567 100.184686 -0.112468 -1.347862 -0.003880 
334 30.522832 0.000000 2.652717 102.363063 -0.136833 -4.769466 -0.050096 
335 29.514570 0.000000 2.652717 102.078282 -0.426968 -0.824059 -0.042084 
336 30.522832 0.000000 1.720100 102.408600 -0.132032 -6.194207 -0.052591 
337 31.531094 0.000000 2.652717 101.272605 -0.146191 -2.071101 -0.026045 
338 30.522832 0.000000 3.585334 102.268943 -0.147012 -1.509023 -0.046124 
339 43.630234 0.000000 -2.010367 105.320633 0.894886 2.967796 -0.110204 
340 43.630234 0.000000 -5.740834 100.033110 0.061661 1.936577 -0.001038 
341 47.663281 0.000000 -2.010367 86.280054 -0.187594 40.504767 0.091508 
342 43.630234 0.000000 1.720100 104.087930 0.832330 0.582285 -0.083533 
343 37.580664 0.000000 -3.875601 105.684816 -0.202657 2.930194 -0.117791 
344 37.580664 0.000000 -5.740834 100.144050 -0.191640 1.305116 -0.003057 
345 39.597187 0.000000 -3.875601 106.361948 0.415710 3.139647 -0.132289 
346 37.580664 0.000000 -2.010367 105.849410 -0.044329 2.803126 -0.121196 
347 43.630234 0.000000 5.450567 100.322582 0.168723 -0.698722 -0.006514 
348 47.663281 0.000000 5.450567 99.594809 0.070771 -2.369663 0.007525 
349 43.630234 0.000000 9.181034 99.855264 -0.059050 -0.699032 0.002843 
350 37.580664 0.000000 3.585334 100.192653 -0.456674 -2.001487 -0.004278 
351 37.580664 0.000000 1.720100 101.109279 -0.179701 -1.220789 -0.022461 
352 39.597187 0.000000 3.585334 98.402222 0.271675 -0.598068 0.031657 
353 37.580664 0.000000 5.450567 99.710763 -0.221569 -0.912424 0.005688 
354 47.663281 0.000000 -20.662703 99.833041 0.185246 0.291831 0.003324 
355 47.663281 0.000000 -28.123637 100.062978 0.046162 0.133784 -0.001262 
356 55.729375 0.000000 -20.662703 100.004249 0.048285 0.347609 -0.000097 
357 43.630234 0.000000 -9.471302 100.564061 -0.037435 0.839530 -0.011384 
358 43.630234 0.000000 -13.201769 99.900252 -0.100186 0.685777 0.001946 
359 47.663281 0.000000 -9.471302 99.675834 0.081366 1.306001 0.006302 
360 41.613711 0.000000 -3.875601 105.871927 0.536842 3.261958 -0.121979 
361 41.613711 0.000000 -5.740834 99.314112 0.096329 1.979788 0.013278 
362 43.630234 0.000000 -3.875601 100.511075 0.473993 2.021063 -0.010679 
363 41.613711 0.000000 -2.010367 105.924958 0.463162 3.034343 -0.122952 
364 41.613711 0.000000 3.585334 104.021249 0.508434 -0.274551 -0.082075 
365 41.613711 0.000000 1.720100 102.701263 0.375326 0.180671 -0.054772 
366 43.630234 0.000000 3.585334 104.617049 1.119944 -2.834767 -0.095402 
367 41.613711 0.000000 5.450567 99.701316 -0.049377 -0.387280 0.005950 
368 63.795469 0.000000 -5.740834 99.478344 0.688458 0.414488 0.010341 
369 63.795469 0.000000 -13.201769 99.762007 0.013528 0.393063 0.004739 
370 71.861562 0.000000 -5.740834 99.773440 -0.020464 0.524644 0.004498 
371 63.795469 0.000000 1.720100 99.399643 0.933911 5.674817 0.008664 
372 51.696328 0.000000 -2.010367 95.418416 -0.521463 2.960508 0.088629 
373 51.696328 0.000000 -5.740834 97.811137 -0.055750 1.516374 0.043068 
374 55.729375 0.000000 -2.010367 98.129338 0.299302 1.579921 0.036805 
375 51.696328 0.000000 1.720100 95.052031 -0.070681 7.176824 0.091360 
376 45.646758 0.000000 -0.145134 3.117440 3.919560 -4.113549 0.995800 
377 43.630234 0.000000 -0.145134 19.700428 -0.407937 0.423069 0.961155 
378 45.646758 0.000000 -2.010367 104.624947 1.415105 3.162182 -0.095838 
379 47.663281 0.000000 -0.145134 6.598417 -16.362817 23.348222 0.914358 
380 45.646758 0.000000 1.720100 102.742484 1.489525 -1.147822 -0.055955 
381 63.795469 0.000000 9.181034 99.784754 0.597850 -0.156635 0.004262 
382 71.861562 0.000000 9.181034 99.796751 0.012687 0.306592 0.004051 
383 63.795469 0.000000 16.641969 99.839744 0.018369 -0.124811 0.003201 
384 51.696328 0.000000 5.450567 98.323610 -0.076084 -0.908684 0.033164 
385 55.729375 0.000000 5.450567 98.771880 0.259521 0.113693 0.024404 
386 51.696328 0.000000 9.181034 99.631327 0.135632 -0.963890 0.007265 
387 45.646758 0.000000 3.585334 102.005135 0.337348 -0.950747 -0.040607 
388 47.663281 0.000000 3.585334 99.514792 0.000210 -5.906098 0.006192 
389 45.646758 0.000000 5.450567 100.370315 0.144416 -1.492678 -0.007645 
390 45.646758 0.000000 -3.875601 102.553806 0.266253 3.483201 -0.052949 
391 45.646758 0.000000 -5.740834 100.636501 0.157163 2.413376 -0.013355 
392 47.663281 0.000000 -3.875601 100.343087 0.008362 7.886586 -0.013093 
393 49.679805 0.000000 -0.145134 84.392320 -1.278864 4.161787 0.285898 
394 49.679805 0.000000 -2.010367 90.839919 -0.546883 7.870262 0.168587 
395 51.696328 0.000000 -0.145134 94.208064 -0.328756 2.960905 0.111597 
396 49.679805 0.000000 1.720100 89.483968 -0.074516 2.855328 0.198446 
397 46.655020 0.000000 -1.077750 0.000000 4.720168 65.439017 0.569546 
398 45.646758 0.000000 -1.077750 104.578746 1.309475 2.908390 -0.094689 
399 46.655020 0.000000 -2.010367 99.425053 0.971506 9.480301 0.002384 
400 47.663281 0.000000 -1.077750 43.597557 -1.914385 40.617479 0.644581 
401 46.655020 0.000000 -0.145134 -168.458869 -1.861726 -97.061314 -2.780276 
402 49.679805 0.000000 3.585334 96.125265 -0.111154 -2.011557 0.075587 
403 51.696328 0.000000 3.585334 97.052401 -0.429834 0.211711 0.058060 
404 49.679805 0.000000 5.450567 98.575844 0.072819 -1.765907 0.027968 
405 46.655020 0.000000 2.652717 102.427384 1.664898 -2.494256 -0.050036 
406 45.646758 0.000000 2.652717 102.873564 1.530009 -1.791333 -0.058852 
407 46.655020 0.000000 1.720100 70.836027 1.562127 -19.109635 0.461464 
408 47.663281 0.000000 2.652717 97.844821 -0.065755 -13.857805 0.023435 
409 46.655020 0.000000 3.585334 102.257513 0.197566 -3.754526 -0.047073 
410 51.696328 0.000000 -9.471302 99.193083 0.134513 1.180344 0.015932 
411 51.696328 0.000000 -13.201769 99.600256 -0.035092 0.634864 0.007938 
412 55.729375 0.000000 -9.471302 99.213575 0.057528 0.639057 0.015625 
413 49.679805 0.000000 -3.875601 96.839593 -0.300687 5.044892 0.059655 
414 49.679805 0.000000 -5.740834 98.986505 -0.065964 3.049908 0.019237 
415 51.696328 0.000000 -3.875601 97.474174 -0.335256 2.970524 0.048985 
416 46.655020 0.000000 -2.942984 107.711705 0.381765 9.741522 -0.169685 
417 45.646758 0.000000 -2.942984 104.674431 1.434001 3.258146 -0.096941 
418 46.655020 0.000000 -3.875601 102.712612 0.160126 6.046518 -0.058647 
419 47.663281 0.000000 -2.942984 99.542886 -0.026121 15.971927 -0.016389 
420 48.671543 0.000000 -1.077750 74.884188 -1.699453 15.545486 0.414781 
421 48.671543 0.000000 -2.010367 87.533224 -0.764690 16.298586 0.207171 
422 49.679805 0.000000 -1.077750 86.611491 -0.861515 6.166143 0.245969 
423 48.671543 0.000000 -0.145134 66.655253 -2.832439 6.695052 0.550423 
424 47.159150 0.000000 -1.544059 0.000000 2.913323 72.235536 0.477354 
425 46.655020 0.000000 -1.544059 57.925856 1.897350 35.779860 0.536080 
426 47.159150 0.000000 -2.010367 40.964283 1.563938 43.333232 0.644171 
427 47.663281 0.000000 -1.544059 62.449129 -0.507379 45.886703 0.399426 
428 47.159150 0.000000 -1.077750 0.000000 4.471830 64.980654 0.575752 
429 41.613711 0.000000 -0.145134 104.393192 0.299154 2.027615 -0.090214 
430 39.597187 0.000000 -0.145134 104.845835 0.203445 2.326829 -0.099810 
431 44.638496 0.000000 -1.077750 105.004002 0.928906 2.507060 -0.103299 
432 43.630234 0.000000 -1.077750 105.304942 0.740979 2.616992 -0.109653 
433 44.638496 0.000000 -2.010367 104.927873 1.198237 3.043691 -0.102056 
434 44.638496 0.000000 -0.145134 17.063065 0.722214 -0.824918 0.970765 
435 46.150889 0.000000 -1.544059 106.119128 1.230840 2.899223 -0.127119 
436 45.646758 0.000000 -1.544059 104.679316 1.304374 3.003419 -0.096848 
437 46.150889 0.000000 -2.010367 108.406841 1.114204 2.959176 -0.176204 
438 46.150889 0.000000 -1.077750 104.529810 1.313387 2.858821 -0.093638 
439 48.671543 0.000000 -2.942984 95.129623 -0.273139 11.377600 0.082083 
440 48.671543 0.000000 -3.875601 98.025693 -0.117427 7.002115 0.034192 
441 49.679805 0.000000 -2.942984 94.847171 -0.258552 6.794862 0.095778 
442 47.159150 0.000000 -2.476676 111.685422 0.251827 26.792313 -0.319153 
443 46.655020 0.000000 -2.476676 108.387523 1.165847 3.072880 -0.175866 
444 47.159150 0.000000 -2.942984 104.710075 0.175302 14.945951 -0.118761 
445 47.663281 0.000000 -2.476676 98.376089 -0.115513 25.989811 -0.035334 
446 46.907085 0.000000 -1.777213 28.510556 1.949519 53.982646 0.626922 
447 46.655020 0.000000 -1.777213 76.031041 1.250445 23.112162 0.368355 
448 46.907085 0.000000 -2.010367 60.896401 1.385959 31.755430 0.528130 
449 47.159150 0.000000 -1.777213 37.728167 1.607275 45.304574 0.652150 
450 46.907085 0.000000 -1.544059 17.009499 2.435910 61.389486 0.593607 
451 44.638496 0.000000 -2.942984 105.161026 1.053402 3.005760 -0.106899 
452 43.630234 0.000000 -2.942984 105.388443 0.890432 3.092539 -0.111708 
453 44.638496 0.000000 -3.875601 101.450586 0.291202 2.174975 -0.029704 
454 46.150889 0.000000 -2.476676 104.566390 1.416584 3.096407 -0.094572 
455 45.646758 0.000000 -2.476676 104.695028 1.372446 3.158057 -0.097291 
456 46.150889 0.000000 -2.942984 104.577085 1.477343 3.227390 -0.094897 
457 46.907085 0.000000 -2.243521 112.594728 0.810853 2.872527 -0.268648 
458 46.655020 0.000000 -2.243521 111.115817 0.930894 2.932524 -0.235619 
459 46.907085 0.000000 -2.476676 117.554727 0.437999 19.805826 -0.421158 
460 47.159150 0.000000 -2.243521 116.705259 0.350012 41.704689 -0.535952 
461 48.167412 0.000000 -1.544059 74.417877 -1.106039 27.110322 0.372579 
462 48.167412 0.000000 -2.010367 85.639788 -0.638999 24.791740 0.205079 
463 48.671543 0.000000 -1.544059 81.315427 -1.112127 17.033345 0.309643 
464 48.167412 0.000000 -1.077750 63.021554 -2.168852 24.978660 0.539965 
465 47.411216 0.000000 -1.777213 70.107564 0.219320 63.585596 0.104175 
466 47.411216 0.000000 -2.010367 90.866207 0.151465 54.669346 -0.124543 
467 47.663281 0.000000 -1.777213 74.689694 -0.290419 45.295889 0.236965 
468 47.411216 0.000000 -1.544059 50.615496 0.231872 61.078040 0.370749 
469 47.033118 0.000000 -1.893790 41.220467 1.615512 44.741565 0.629646 
470 46.907085 0.000000 -1.893790 24.831754 1.723628 50.961226 0.678337 
471 47.033118 0.000000 -2.010367 53.750458 1.411066 36.159930 0.580136 
472 47.159150 0.000000 -1.893790 39.082007 1.588253 44.455964 0.649374 
473 47.033118 0.000000 -1.777213 28.201929 1.924334 53.774926 0.630921 
474 46.655020 0.000000 0.787483 0.000000 2.141631 -53.466146 0.713678 
475 45.646758 0.000000 0.787483 102.418957 1.601689 -1.270549 -0.049382 
476 47.663281 0.000000 0.787483 29.447445 -3.830415 -22.354460 0.861845 
477 48.671543 0.000000 2.652717 92.738698 -0.104224 -5.654840 0.136755 
478 48.671543 0.000000 1.720100 83.017668 -0.734096 -5.430959 0.307803 
479 49.679805 0.000000 2.652717 93.434624 -0.260088 -0.508904 0.126964 
480 48.671543 0.000000 3.585334 96.787832 -0.086501 -4.380522 0.061292 
481 47.159150 0.000000 2.186408 108.420267 1.066942 -2.558860 -0.176264 
482 46.655020 0.000000 2.186408 106.359472 1.257809 -1.857888 -0.131737 
483 47.159150 0.000000 1.720100 24.398622 2.083862 -43.238046 0.753084 
484 47.663281 0.000000 2.186408 90.211726 -0.051019 -24.042809 0.128379 
485 47.159150 0.000000 2.652717 105.678985 0.200471 -13.872971 -0.136055 
486 44.638496 0.000000 2.652717 103.679685 1.294699 -0.888523 -0.075194 
487 43.630234 0.000000 2.652717 104.109231 0.924756 -0.284561 -0.083967 
488 44.638496 0.000000 1.720100 103.589863 1.156613 0.103685 -0.073221 
489 44.638496 0.000000 3.585334 104.373675 1.253170 -2.720876 -0.090284 
490 46.150889 0.000000 2.186408 104.194478 1.405691 -1.599506 -0.086102 
491 45.646758 0.000000 2.186408 102.763127 1.490191 -1.208367 -0.056394 
492 46.150889 0.000000 1.720100 104.247697 1.400979 -1.613255 -0.087215 
493 46.150889 0.000000 2.652717 102.419920 1.610303 -1.442126 -0.049451 
494 48.671543 0.000000 0.787483 70.527793 -1.979783 -3.334481 0.501079 
495 49.679805 0.000000 0.787483 85.589541 -1.081126 2.177712 0.266852 
496 47.159150 0.000000 1.253792 0.000000 2.767587 -52.820230 0.720236 
497 46.655020 0.000000 1.253792 42.640820 2.308449 -31.866683 0.716095 
498 47.159150 0.000000 0.787483 0.000000 2.136970 -53.459623 0.713750 
499 47.663281 0.000000 1.253792 47.415563 -0.887939 -29.662353 0.687112 
500 46.907085 0.000000 1.953254 56.097278 1.682341 -26.282748 0.615948 
501 46.655020 0.000000 1.953254 85.419290 1.369566 -12.644772 0.254178 
502 46.907085 0.000000 1.720100 15.089515 2.236696 -50.426292 0.722449 
503 47.159150 0.000000 1.953254 38.190327 1.835615 -34.916590 0.731896 
504 46.907085 0.000000 2.186408 83.427510 1.357843 -12.894893 0.287173 
505 44.638496 0.000000 0.787483 104.050159 0.866562 1.488244 -0.082940 
506 43.630234 0.000000 0.787483 104.002098 0.758862 1.041953 -0.081810 
507 46.150889 0.000000 1.253792 102.408025 1.466282 -0.156868 -0.048958 
508 45.646758 0.000000 1.253792 102.749329 1.438127 -0.694422 -0.055998 
509 46.150889 0.000000 0.787483 102.427483 1.664614 -2.485237 -0.050034 
510 46.907085 0.000000 1.486946 9.096033 2.522436 -52.033779 0.720339 
511 46.655020 0.000000 1.486946 77.874043 1.660622 -16.334373 0.366606 
512 46.907085 0.000000 1.253792 0.000000 2.728692 -54.034917 0.707278 
513 47.159150 0.000000 1.486946 0.000000 2.606886 -57.711670 0.666257 
514 48.167412 0.000000 2.186408 87.935190 -0.390945 -12.533543 0.211016 
515 48.167412 0.000000 1.720100 77.570702 -0.646298 -14.691656 0.376652 
516 48.671543 0.000000 2.186408 88.939877 -0.518096 -5.631953 0.205771 
517 48.167412 0.000000 2.652717 92.811366 -0.129068 -9.155179 0.130222 
518 47.411216 0.000000 1.953254 82.926761 0.278529 -44.593311 0.113451 
519 47.411216 0.000000 1.720100 62.238514 0.360163 -49.396852 0.368619 
520 47.663281 0.000000 1.953254 81.282215 -0.055276 -29.675687 0.251255 
521 47.411216 0.000000 2.186408 96.039211 0.177664 -31.985399 -0.024663 
522 47.033118 0.000000 1.836677 29.994623 2.007796 -41.032969 0.741259 
523 46.907085 0.000000 1.836677 22.716186 2.047313 -42.247481 0.769493 
524 47.033118 0.000000 1.720100 22.788075 2.138966 -45.250511 0.742852 
525 47.159150 0.000000 1.836677 36.506982 1.855762 -35.772618 0.738412 
526 47.033118 0.000000 1.953254 49.455931 1.712184 -29.575438 0.667647 
527 47.159150 0.000000 -0.611442 0.000000 12.557822 54.330342 0.689052 
528 46.655020 0.000000 -0.611442 0.000000 7.805339 60.742904 0.624938 
529 47.663281 0.000000 -0.611442 27.659828 -7.050542 35.786553 0.790455 
530 47.159150 0.000000 -0.145134 0.000000 39.423722 3.520631 0.843338 
531 46.150889 0.000000 -0.611442 -3.695658 5.267942 -18.801713 0.960509 
532 45.646758 0.000000 -0.611442 7.170875 2.503280 -6.940419 0.989414 
533 46.150889 0.000000 -0.145134 -19.868440 13.014812 -14.415500 0.922805 
534 47.159150 0.000000 0.321175 0.000000 -0.012516 -63.172300 0.600926 
535 46.655020 0.000000 0.321175 0.000000 -1.488480 -60.511047 0.633620 
536 47.663281 0.000000 0.321175 8.699260 -12.016743 -7.024709 0.973057 
537 46.907085 0.000000 -0.378288 0.000000 20.899239 37.592872 0.815000 
538 46.655020 0.000000 -0.378288 0.000000 17.148283 48.184075 0.738423 
539 46.907085 0.000000 -0.611442 0.000000 12.355536 54.192097 0.691056 
540 47.159150 0.000000 -0.378288 0.000000 13.926719 56.515484 0.661205 
541 46.907085 0.000000 -0.145134 0.000000 23.931549 24.834752 0.881052 
542 46.150889 0.000000 0.321175 -18.470335 9.538568 4.562566 0.954705 
543 45.646758 0.000000 0.321175 3.386240 3.392890 0.893887 0.997622 
544 46.907085 0.000000 0.088021 0.000000 4.393497 -78.661997 0.379299 
545 46.655020 0.000000 0.088021 -210.007816 -9.307622 52.968719 -3.699560 
546 47.159150 0.000000 0.088021 -273.532000 10.986724 -84.925517 -7.215281 
547 46.907085 0.000000 0.321175 0.000000 -3.755290 -72.038039 0.479642 
548 48.167412 0.000000 0.321175 47.687265 -4.956029 -1.067204 0.770022 
549 48.167412 0.000000 -0.145134 47.135945 -5.590171 10.353598 0.763976 
550 48.671543 0.000000 0.321175 66.967206 -2.653029 1.020126 0.550731 
551 48.167412 0.000000 0.787483 54.965933 -2.948962 -9.855532 0.687292 
552 47.411216 0.000000 0.088021 -54.571679 -22.819404 3.637593 0.648797 
553 47.411216 0.000000 -0.145134 -43.371069 -22.977234 41.808445 0.584305 
554 47.663281 0.000000 0.088021 2.603720 -16.395889 8.049051 0.965961 
555 47.411216 0.000000 0.321175 -26.903466 -11.689265 -25.368411 0.849601 
556 47.033118 0.000000 -0.028556 0.000000 11.859740 -30.236020 0.894513 
557 46.907085 0.000000 -0.028556 0.000000 154.058963 -553.521449 -32.012016 
558 47.033118 0.000000 -0.145134 0.000000 17.608003 34.799977 0.847892 
559 47.159150 0.000000 -0.028556 -324.323211 1.278402 67.084382 -9.968749 
560 47.033118 0.000000 0.088021 0.000000 5.901284 -93.753100 0.117553 
561 46.402954 0.000000 0.088021 -61.931455 17.494390 -1.552118 0.585603 
562 46.150889 0.000000 0.088021 -23.004905 13.054672 -4.933902 0.927601 
563 46.402954 0.000000 -0.145134 -53.788419 17.587095 -27.957899 0.601586 
564 46.402954 0.000000 0.321175 -44.667187 17.269477 13.831102 0.751531 
565 46.781052 0.000000 -0.028556 0.000000 14.945643 18.137554 0.944766 
566 46.655020 0.000000 -0.028556 -235.763151 -4.259133 -38.046884 -4.704997 
567 46.781052 0.000000 -0.145134 0.000000 16.366355 47.073734 0.751621 
568 46.781052 0.000000 0.088021 0.000000 3.650579 -92.004157 0.152191 
569 46.907085 0.000000 0.554329 0.000000 0.475627 -58.144304 0.661901 
570 46.655020 0.000000 0.554329 0.000000 -0.736399 -58.834765 0.653793 
571 47.159150 0.000000 0.554329 0.000000 0.103792 -57.376375 0.670794 
572 46.907085 0.000000 0.787483 0.000000 2.135154 -53.176865 0.716766 
573 47.033118 0.000000 0.204598 0.000000 0.373062 -84.444706 0.286895 
574 46.907085 0.000000 0.204598 0.000000 -1.882060 -82.378730 0.321020 
575 47.159150 0.000000 0.204598 -143.300195 13.176983 -118.743822 -2.480867 
576 47.033118 0.000000 0.321175 0.000000 -1.640403 -76.352524 0.416760 
577 46.970101 0.000000 0.029732 0.000000 19.231281 -453.225841 -19.578351 
578 46.907085 0.000000 0.029732 0.000000 39.715901 -450.145972 -19.420875 
579 46.970101 0.000000 -0.028556 0.000000 146.674543 -383.584634 -15.865059 
580 47.033118 0.000000 0.029732 0.000000 8.184486 -40.325421 0.830687 
581 46.970101 0.000000 0.088021 0.000000 4.794161 -86.152907 0.255469 
582 46.781052 0.000000 0.204598 0.000000 -0.094560 -84.061939 0.293358 
583 46.655020 0.000000 0.204598 -82.757864 6.419180 149.450468 -1.922551 
584 46.781052 0.000000 0.321175 0.000000 -2.485222 -73.251905 0.462798 
585 46.844069 0.000000 0.029732 0.000000 9.631993 -42.041240 0.813976 
586 46.781052 0.000000 0.029732 0.000000 5.465245 -89.840824 0.189876 
587 46.844069 0.000000 -0.028556 0.000000 11.092520 -30.571167 0.894236 
588 46.844069 0.000000 0.088021 0.000000 5.650253 -93.597394 0.120760 
589 46.970101 0.000000 0.146309 0.000000 -0.290638 -87.130111 0.240826 
590 46.907085 0.000000 0.146309 0.000000 -1.236454 -85.445941 0.269746 
591 47.033118 0.000000 0.146309 0.000000 2.083211 -90.025312 0.189110 
592 46.970101 0.000000 0.204598 0.000000 -1.147718 -82.937997 0.311997 
593 46.938593 0.000000 0.058876 0.000000 -11.754092 -256.935813 -5.615417 
594 46.907085 0.000000 0.058876 0.000000 2.851372 -324.260416 -9.515295 
595 46.938593 0.000000 0.029732 0.000000 37.377493 -414.142177 -16.291082 
596 46.970101 0.000000 0.058876 0.000000 -7.371777 -150.794395 -1.279329 
597 46.938593 0.000000 0.088021 0.000000 -4.047737 -69.654598 0.513185 
598 48.167412 0.000000 -0.611442 53.466700 -3.996181 19.476719 0.674600 
599 48.671543 0.000000 -0.611442 69.611658 -2.391344 11.928983 0.500620 
600 47.411216 0.000000 -0.378288 -6.552374 -20.303716 56.956765 0.630075 
601 47.411216 0.000000 -0.611442 12.962309 -8.110699 50.893388 0.717606 
602 47.663281 0.000000 -0.378288 17.259062 -11.924583 32.221281 0.852172 
603 47.033118 0.000000 -0.261711 0.000000 18.864204 50.347390 0.710928 
604 46.907085 0.000000 -0.261711 0.000000 25.827587 25.685568 0.867319 
605 47.033118 0.000000 -0.378288 0.000000 12.683860 57.392677 0.654520 
606 47.159150 0.000000 -0.261711 0.000000 17.132777 48.234219 0.737993 
607 46.970101 0.000000 -0.086845 0.000000 16.807282 1.532858 0.971517 
608 46.907085 0.000000 -0.086845 0.000000 17.023175 2.183730 0.970544 
609 46.970101 0.000000 -0.145134 0.000000 21.737463 29.476974 0.865859 
610 47.033118 0.000000 -0.086845 0.000000 16.727498 9.775743 0.962463 
611 46.402954 0.000000 -0.378288 -25.434855 16.938850 -38.830242 0.755836 
612 46.150889 0.000000 -0.378288 -11.624494 9.423790 -18.830816 0.942146 
613 46.402954 0.000000 -0.611442 -9.263398 6.567817 -30.924851 0.891471 
614 46.781052 0.000000 -0.261711 0.000000 20.266022 48.178937 0.726808 
615 46.655020 0.000000 -0.261711 -102.637643 21.634078 -90.819505 -0.925070 
616 46.781052 0.000000 -0.378288 0.000000 12.247509 58.311820 0.644973 
617 46.844069 0.000000 -0.086845 0.000000 16.936374 10.645548 0.959983 
618 46.781052 0.000000 -0.086845 0.000000 15.400842 34.853845 0.854802 
619 46.844069 0.000000 -0.145134 0.000000 18.197770 35.164054 0.843233 
620 46.938593 0.000000 -0.057701 0.000000 173.523155 -515.741997 -28.610009 
621 46.907085 0.000000 -0.057701 0.000000 146.936879 -399.941974 -17.154403 
622 46.938593 0.000000 -0.086845 0.000000 59.565993 -167.955693 -2.175722 
623 46.970101 0.000000 -0.057701 0.000000 114.767712 -347.998595 -12.427465 
624 46.938593 0.000000 -0.028556 0.000000 159.470573 -616.843939 -39.592731 
625 -170.121250 0.000000 -177.342325 99.999946 -0.000057 -0.000354 0.000001 
626 -234.650000 0.000000 -177.342325 99.999917 -0.000040 -0.000206 0.000002 
627 -170.121250 0.000000 -237.029800 100.000060 -0.000059 -0.000207 -0.000001 
628 217.051250 0.000000 -177.342325 100.000041 -0.000414 0.001586 -0.000001 
629 217.051250 0.000000 -237.029800 100.000125 -0.000285 0.000873 -0.000002 
630 281.580000 0.000000 -177.342325 99.999961 -0.000449 0.001454 0.000001 
631 -73.328125 0.000000 -87.811112 99.998935 -0.000109 -0.002810 0.000021 
632 -105.592500 0.000000 -87.811112 99.998975 -0.000080 -0.001549 0.000021 
633 -73.328125 0.000000 -117.654850 99.999945 -0.000109 -0.001762 0.000001 
634 120.258125 0.000000 -87.811112 99.999812 -0.000797 0.008088 0.000004 
635 120.258125 0.000000 -117.654850 100.000559 -0.000539 0.004423 -0.000011 
636 152.522500 0.000000 -87.811112 99.999283 -0.000906 0.006782 0.000014 
637 -24.931563 0.000000 -43.045506 99.974846 0.021053 -0.023085 0.000503 
638 -41.063750 0.000000 -43.045506 99.988525 0.005438 -0.018397 0.000229 
639 -24.931563 0.000000 -57.967375 99.998996 0.006820 -0.020869 0.000020 
640 71.861562 0.000000 -43.045506 100.000324 0.003894 0.062814 -0.000007 
641 71.861562 0.000000 -57.967375 99.989569 -0.007985 0.012909 0.000209 
642 87.993750 0.000000 -43.045506 99.980545 -0.006982 0.024185 0.000389 
643 -0.733281 0.000000 -20.662703 99.957624 0.053831 -0.247840 0.000841 
644 -8.799375 0.000000 -20.662703 99.748795 -0.216923 -0.013876 0.005013 
645 -0.733281 0.000000 -28.123637 99.983303 0.003168 -0.141677 0.000332 
646 -16.865469 0.000000 -20.662703 99.922396 0.007944 -0.076244 0.001551 
647 -24.931563 0.000000 -20.662703 99.941250 0.004652 -0.037029 0.001175 
648 -16.865469 0.000000 -28.123637 99.956601 0.007152 -0.057696 0.000867 
649 11.365859 0.000000 -9.471302 100.090571 0.199313 -1.020142 -0.001920 
650 7.332812 0.000000 -9.471302 99.893051 0.109426 -1.038478 0.002029 
651 11.365859 0.000000 -13.201769 100.074680 0.140585 -0.637189 -0.001537 
652 -16.865469 0.000000 9.181034 99.871128 0.005941 0.089595 0.002575 
653 -24.931563 0.000000 9.181034 99.913601 -0.000962 0.044632 0.001727 
654 -16.865469 0.000000 16.641969 99.917374 -0.014304 0.105208 0.001651 
655 -4.766328 0.000000 5.450567 99.389298 -0.013061 0.301932 0.012168 
656 -8.799375 0.000000 5.450567 99.615404 -0.014048 0.123920 0.007676 
657 -4.766328 0.000000 9.181034 99.614333 -0.034536 0.302375 0.007689 
658 13.382383 0.000000 -3.875601 107.240017 -0.105945 -5.840277 -0.153454 
659 11.365859 0.000000 -3.875601 108.126205 0.181537 -7.924961 -0.175411 
660 13.382383 0.000000 -5.740834 100.303111 0.244975 -1.843978 -0.006417 
661 9.349336 0.000000 3.585334 108.679074 0.061446 10.151423 -0.191420 
662 7.332812 0.000000 3.585334 99.802815 -0.027818 3.666976 0.002595 
663 9.349336 0.000000 5.450567 100.002170 -0.061394 2.158189 -0.000510 
664 20.440215 0.000000 -2.942984 103.487883 -0.050903 -3.139397 -0.071960 
665 20.440215 0.000000 -3.875601 100.444369 -0.021569 -1.398002 -0.009103 
666 20.440215 0.000000 -2.010367 103.484463 -0.050297 -3.119749 -0.071877 
667 20.440215 0.000000 2.652717 95.594028 -0.028386 2.176711 0.085704 
668 20.440215 0.000000 1.720100 97.933266 -0.031126 2.023241 0.040498 
669 20.440215 0.000000 3.585334 99.591167 -0.016671 4.345773 0.006271 
670 24.473262 0.000000 -2.942984 104.328130 -0.308788 -4.543359 -0.090510 
671 24.473262 0.000000 -3.875601 101.018235 0.587170 -2.000750 -0.020903 
672 24.473262 0.000000 -2.010367 104.316605 -0.301927 -4.534387 -0.090261 
673 24.473262 0.000000 2.652717 105.312252 -0.131379 2.870709 -0.109893 
674 24.473262 0.000000 1.720100 105.123859 -0.129338 2.770413 -0.105872 
675 24.473262 0.000000 3.585334 104.167226 -0.046478 1.613205 -0.085342 
676 63.795469 0.000000 -20.662703 99.906083 -0.010773 0.228273 0.001872 
677 63.795469 0.000000 -28.123637 99.978195 -0.001948 0.151187 0.000434 
678 71.861562 0.000000 -20.662703 99.919852 -0.005115 0.170665 0.001599 
679 37.580664 0.000000 -0.145134 104.029614 -0.162522 0.823007 -0.082286 
680 35.564141 0.000000 -0.145134 104.957781 -0.226334 2.420817 -0.102205 
681 33.547617 0.000000 -0.145134 8.030814 0.011164 1.466008 0.993336 
682 28.506309 0.000000 -2.942984 104.178744 -0.715937 -1.613488 -0.085633 
683 28.506309 0.000000 -3.875601 102.815869 -0.608735 0.457420 -0.057168 
684 28.506309 0.000000 -2.010367 104.280385 -0.709779 -1.772309 -0.087804 
685 28.506309 0.000000 2.652717 102.019386 -0.631999 0.621718 -0.040874 
686 28.506309 0.000000 1.720100 101.393136 -0.617728 0.032079 -0.028095 
687 28.506309 0.000000 3.585334 102.612491 -0.656104 0.842351 -0.053046 
688 48.167412 0.000000 -2.476676 93.450644 -0.379096 19.404706 0.089029 
689 48.167412 0.000000 -2.942984 95.864053 -0.201825 13.704401 0.062223 
690 48.671543 0.000000 -2.476676 91.218668 -0.416611 13.334194 0.150118 
691 47.411216 0.000000 -2.243521 101.412333 0.101202 39.679986 -0.185897 
692 47.411216 0.000000 -2.476676 103.957743 0.061758 28.241141 -0.160478 
693 47.663281 0.000000 -2.243521 94.193116 -0.156219 33.113169 0.003115 
694 48.167412 0.000000 1.253792 65.559670 -1.410750 -14.223947 0.549762 
695 48.671543 0.000000 1.253792 76.339577 -1.236572 -5.252239 0.414315 
696 46.907085 0.000000 1.020637 0.000000 2.440872 -52.933674 0.719207 
697 46.655020 0.000000 1.020637 0.000000 2.767587 -52.820230 0.720236 
698 47.159150 0.000000 1.020637 0.000000 2.538980 -52.639551 0.722263 
699 47.411216 0.000000 1.486946 45.038117 0.327968 -45.307728 0.591867 
700 47.411216 0.000000 1.253792 33.460519 0.034175 -39.481463 0.732161 
701 47.663281 0.000000 1.486946 57.616559 -0.367262 -32.219056 0.564213 
702 47.411216 0.000000 0.554329 -3.104789 -8.584092 -29.593518 0.904090 
703 47.663281 0.000000 0.554329 19.302427 -7.164593 -16.733781 0.929607 
704 47.411216 0.000000 0.787483 13.532336 -3.114442 -32.164359 0.877263 
705 46.402954 0.000000 0.554329 -22.903514 7.006336 19.846016 0.903248 
706 46.150889 0.000000 0.554329 -10.404966 5.431895 10.021659 0.976180 
707 46.402954 0.000000 0.787483 -9.462147 1.936198 19.016784 0.954508 
708 46.938593 0.000000 0.000588 0.000000 104.247898 -545.462845 -29.839734 
709 46.907085 0.000000 0.000588 0.000000 101.797684 -530.265930 -28.154473 
710 46.970101 0.000000 0.000588 0.000000 97.329009 -504.531770 -25.402524 
711 46.844069 0.000000 0.146309 0.000000 1.529557 -88.327712 0.219588 
712 46.781052 0.000000 0.146309 0.000000 1.429606 -89.618052 0.196656 
713 46.844069 0.000000 0.204598 0.000000 0.253712 -83.375976 0.304838 
714 3.299766 0.000000 -9.471302 99.688574 0.070544 -0.838264 0.006148 
715 -0.733281 0.000000 -9.471302 99.608924 -0.037723 -0.598721 0.007770 
716 3.299766 0.000000 -13.201769 99.851685 0.068903 -0.517355 0.002937 
717 5.316289 0.000000 3.585334 99.281210 -0.013427 3.425372 0.013151 
718 3.299766 0.000000 3.585334 98.691748 -0.018329 2.862313 0.025175 
719 5.316289 0.000000 5.450567 99.483742 -0.044751 1.983971 0.009905 
720 9.349336 0.000000 -3.875601 100.053631 0.154982 -3.410666 -0.002239 
721 7.332812 0.000000 -3.875601 99.764264 0.102561 -3.383969 0.003563 
722 9.349336 0.000000 -5.740834 100.009633 0.147909 -2.082402 -0.000628 
723 47.411216 0.000000 1.020637 24.197817 -0.853412 -34.977165 0.819034 
724 47.663281 0.000000 1.020637 38.447754 -1.913499 -26.303754 0.782622 
725 46.402954 0.000000 1.020637 102.419016 1.602187 -1.280387 -0.049386 
726 46.150889 0.000000 1.020637 102.419109 1.602980 -1.296062 -0.049392 
727 46.402954 0.000000 1.253792 102.419222 1.603955 -1.315369 -0.049400 
728 46.402954 0.000000 1.486946 105.602936 1.325420 -1.715205 -0.115668 
729 46.150889 0.000000 1.486946 102.409373 1.481779 -0.323541 -0.048998 
730 46.402954 0.000000 1.720100 105.558310 1.298480 -1.747305 -0.114730 
731 -4.766328 0.000000 -9.471302 99.637184 0.005832 -0.313022 0.007233 
732 -8.799375 0.000000 -9.471302 99.732930 0.022308 -0.200493 0.005330 
733 -4.766328 0.000000 -13.201769 99.787176 0.010423 -0.288628 0.004244 
734 5.316289 0.000000 -3.875601 99.307433 0.081397 -3.209352 0.012773 
735 3.299766 0.000000 -3.875601 98.821090 0.006927 -2.687779 0.022717 
736 5.316289 0.000000 -5.740834 99.526975 0.089615 -1.938870 0.009061 
737 1.283242 0.000000 3.585334 98.402131 -0.012213 1.981107 0.031310 
738 -0.733281 0.000000 3.585334 98.616342 -0.008008 1.028397 0.027376 
739 1.283242 0.000000 5.450567 99.083837 -0.025625 1.265926 0.018079 
740 46.402954 0.000000 1.953254 105.911439 1.311103 -2.237576 -0.122396 
741 46.150889 0.000000 1.953254 104.985480 1.351842 -1.750152 -0.102684 
742 46.402954 0.000000 2.186408 105.703252 1.328211 -2.131673 -0.117949 
1 19 21 9 22 
2 20 19 22 4 
3 28 29 3 30 
4 21 28 30 9 
5 35 37 21 38 
6 36 35 38 19 
7 44 45 28 46 
8 37 44 46 21 
9 51 53 37 54 
10 52 51 54 35 
11 11 62 60 61 
12 62 10 24 60 
13 60 24 14 63 
14 61 60 63 6 
15 24 66 64 65 
16 66 23 40 64 
17 64 40 27 67 
18 65 64 67 14 
19 40 70 68 69 
20 69 68 71 27 
21 72 73 44 74 
22 53 72 74 37 
23 75 77 53 78 
24 76 75 78 51 
25 6 63 92 93 
26 63 14 36 92 
27 92 36 19 94 
28 93 92 94 20 
29 14 67 95 96 
30 67 27 52 95 
31 95 52 35 97 
32 96 95 97 36 
33 27 71 98 99 
34 98 76 51 100 
35 99 98 100 52 
36 101 103 75 104 
37 102 101 104 76 
38 79 107 105 106 
39 68 112 110 111 
40 112 56 80 110 
41 110 80 43 113 
42 111 110 113 71 
43 80 116 114 115 
44 116 79 106 114 
45 114 106 83 117 
46 115 114 117 43 
47 118 119 72 120 
48 77 118 120 53 
49 121 122 77 123 
50 103 121 123 75 
51 124 126 103 127 
52 125 124 127 101 
53 106 130 128 129 
54 130 105 131 128 
55 128 131 109 132 
56 129 128 132 83 
57 105 138 137 131 
58 138 108 139 137 
59 137 139 59 140 
60 131 137 140 109 
61 141 142 121 143 
62 126 141 143 103 
63 108 145 144 139 
64 145 133 146 144 
65 144 146 136 147 
66 139 144 147 59 
67 133 157 156 146 
68 157 135 158 156 
69 156 158 91 159 
70 146 156 159 136 
71 160 161 118 162 
72 122 160 162 77 
73 163 164 122 165 
74 142 163 165 121 
75 136 159 166 167 
76 159 91 168 166 
77 166 168 142 169 
78 167 166 169 141 
79 91 171 170 168 
80 170 172 163 173 
81 168 170 173 142 
82 12 176 174 175 
83 176 7 177 174 
84 174 177 13 25 
85 175 174 25 10 
86 25 180 178 179 
87 180 13 181 178 
88 178 181 26 41 
89 179 178 41 23 
90 41 184 182 183 
91 184 26 185 182 
92 182 185 42 57 
93 183 182 57 39 
94 57 188 186 187 
95 188 42 189 186 
96 186 189 58 89 
97 187 186 89 55 
98 89 192 190 191 
99 192 58 193 190 
100 190 193 90 153 
101 191 190 153 88 
102 88 196 194 195 
103 196 153 197 194 
104 195 194 198 135 
105 153 204 203 197 
106 204 90 205 203 
107 135 198 207 158 
108 198 152 208 207 
109 207 208 155 171 
110 158 207 171 91 
111 194 211 209 210 
112 211 197 212 209 
113 209 212 152 213 
114 210 209 213 198 
115 214 215 160 216 
116 164 214 216 122 
117 217 219 164 220 
118 172 217 220 163 
119 171 223 221 222 
120 223 155 224 221 
121 221 224 172 225 
122 222 221 225 170 
123 7 227 226 177 
124 227 16 228 226 
125 226 228 15 32 
126 177 226 32 13 
127 13 230 229 181 
128 230 32 231 229 
129 229 231 31 48 
130 181 229 48 26 
131 26 233 232 185 
132 233 48 234 232 
133 232 234 47 85 
134 185 232 85 42 
135 42 236 235 189 
136 236 85 237 235 
137 235 237 84 149 
138 189 235 149 58 
139 58 239 238 193 
140 239 149 240 238 
141 238 240 148 200 
142 193 238 200 90 
143 90 242 241 205 
144 242 200 243 241 
145 152 206 245 208 
146 206 154 246 245 
147 245 246 5 218 
148 208 245 218 155 
149 203 249 247 248 
150 249 205 250 247 
151 247 250 154 251 
152 248 247 251 206 
153 252 254 214 255 
154 219 252 255 164 
155 218 258 256 257 
156 258 5 259 256 
157 256 259 219 260 
158 257 256 260 217 
159 15 262 261 33 
160 262 17 263 261 
161 261 263 8 264 
162 33 261 264 18 
163 31 266 265 49 
164 266 33 267 265 
165 265 267 18 268 
166 49 265 268 34 
167 270 49 271 269 
168 269 271 34 272 
169 200 282 281 243 
170 282 148 283 281 
171 154 244 285 246 
172 244 199 286 285 
173 285 286 202 253 
174 246 285 253 5 
175 241 289 287 288 
176 289 243 290 287 
177 287 290 199 291 
178 288 287 291 244 
179 18 264 292 45 
180 264 8 293 292 
181 292 293 29 294 
182 45 292 294 28 
183 34 268 295 73 
184 268 18 296 295 
185 295 296 45 297 
186 73 295 297 44 
187 272 34 299 298 
188 298 299 73 300 
189 119 298 300 72 
190 301 302 119 303 
191 161 301 303 118 
192 304 305 161 306 
193 215 304 306 160 
194 307 309 215 310 
195 254 307 310 214 
196 253 313 311 312 
197 313 202 314 311 
198 311 314 254 315 
199 312 311 315 252 
200 149 317 316 240 
201 317 84 318 316 
202 316 318 150 278 
203 240 316 278 148 
204 148 320 319 283 
205 320 278 321 319 
206 319 321 277 322 
207 283 319 322 201 
208 199 284 323 286 
209 284 201 324 323 
210 323 324 151 308 
211 286 323 308 202 
212 281 327 325 326 
213 327 283 328 325 
214 325 328 201 329 
215 326 325 329 284 
216 151 331 330 309 
217 331 280 332 330 
218 330 332 304 333 
219 309 330 333 215 
220 308 336 334 335 
221 336 151 337 334 
222 334 337 309 338 
223 335 334 338 307 
224 278 344 343 321 
225 344 150 345 343 
226 343 345 279 346 
227 321 343 346 277 
228 347 348 301 349 
229 305 347 349 161 
230 280 351 350 332 
231 351 87 352 350 
232 350 352 305 353 
233 332 350 353 304 
234 85 355 354 237 
235 355 47 356 354 
236 354 356 86 274 
237 237 354 274 84 
238 84 358 357 318 
239 358 274 359 357 
240 357 359 273 340 
241 318 357 340 150 
242 150 361 360 345 
243 361 340 362 360 
244 360 362 339 363 
245 345 360 363 279 
246 87 365 364 352 
247 365 342 366 364 
248 364 366 347 367 
249 352 364 367 305 
250 86 369 368 275 
251 369 269 370 368 
252 368 370 272 371 
253 275 368 371 50 
254 373 275 374 372 
255 372 374 50 375 
256 50 371 381 302 
257 371 272 382 381 
258 381 382 298 383 
259 302 381 383 119 
260 375 50 385 384 
261 384 385 302 386 
262 348 384 386 301 
263 387 388 348 389 
264 366 387 389 347 
265 340 391 390 362 
266 391 273 392 390 
267 394 372 395 393 
268 393 395 375 396 
269 396 375 403 402 
270 402 403 384 404 
271 388 402 404 348 
272 405 408 388 409 
273 406 405 409 387 
274 274 411 410 359 
275 411 86 412 410 
276 410 412 275 373 
277 359 410 373 273 
278 273 414 413 392 
279 414 373 415 413 
280 413 415 372 394 
281 390 418 416 417 
282 418 392 419 416 
283 421 394 422 420 
284 420 422 393 423 
285 424 427 400 428 
286 425 424 428 397 
287 279 363 429 430 
288 363 339 377 429 
289 429 377 342 365 
290 430 429 365 87 
291 339 433 431 432 
292 433 378 398 431 
293 431 398 376 434 
294 432 431 434 377 
295 378 437 435 436 
296 437 399 425 435 
297 435 425 397 438 
298 436 435 438 398 
299 392 440 439 419 
300 440 413 441 439 
301 439 441 394 421 
302 416 444 442 443 
303 444 419 445 442 
304 399 448 446 447 
305 446 449 424 450 
306 447 446 450 425 
307 362 453 451 452 
308 453 390 417 451 
309 451 417 378 433 
310 452 451 433 339 
311 417 456 454 455 
312 456 416 443 454 
313 454 443 399 437 
314 455 454 437 378 
315 443 459 457 458 
316 459 442 460 457 
317 457 460 426 448 
318 458 457 448 399 
319 341 462 461 427 
320 462 421 463 461 
321 461 463 420 464 
322 427 461 464 400 
323 426 466 465 449 
324 466 341 467 465 
325 465 467 427 468 
326 449 465 468 424 
327 448 471 469 470 
328 471 426 472 469 
329 469 472 449 473 
330 470 469 473 446 
331 478 396 479 477 
332 477 479 402 480 
333 408 477 480 388 
334 481 484 408 485 
335 482 481 485 405 
336 342 488 486 487 
337 488 380 406 486 
338 486 406 387 489 
339 487 486 489 366 
340 380 492 490 491 
341 490 482 405 493 
342 491 490 493 406 
343 423 393 495 494 
344 494 495 396 478 
345 407 502 500 501 
346 500 503 481 504 
347 501 500 504 482 
348 377 434 505 506 
349 434 376 475 505 
350 505 475 380 488 
351 506 505 488 342 
352 475 509 507 508 
353 508 507 492 380 
354 497 512 510 511 
355 512 496 513 510 
356 510 513 483 502 
357 511 510 502 407 
358 276 515 514 484 
359 515 478 516 514 
360 514 516 477 517 
361 484 514 517 408 
362 483 519 518 503 
363 519 276 520 518 
364 518 520 484 521 
365 503 518 521 481 
366 502 524 522 523 
367 524 483 525 522 
368 522 525 503 526 
369 523 522 526 500 
370 397 428 527 528 
371 428 400 529 527 
372 398 438 531 532 
373 438 397 528 531 
374 532 531 533 376 
375 528 539 537 538 
376 539 527 540 537 
377 376 533 542 543 
378 543 542 509 475 
379 379 549 548 536 
380 549 423 550 548 
381 548 550 494 551 
382 536 548 551 476 
383 530 553 552 546 
384 553 379 554 552 
385 552 554 536 555 
386 546 552 555 534 
387 558 530 559 556 
388 556 559 546 560 
389 533 563 561 562 
390 563 401 545 561 
391 561 545 535 564 
392 562 561 564 542 
393 401 567 565 566 
394 566 565 568 545 
395 535 547 569 570 
396 547 534 571 569 
397 569 571 498 572 
398 570 569 572 474 
399 560 546 575 573 
400 573 575 534 576 
401 574 573 576 547 
402 579 556 580 577 
403 577 580 560 581 
404 545 568 582 583 
405 582 574 547 584 
406 583 582 584 535 
407 565 587 585 586 
408 587 557 578 585 
409 585 578 544 588 
410 586 585 588 568 
411 544 581 589 590 
412 581 560 591 589 
413 589 591 573 592 
414 590 589 592 574 
415 578 595 593 594 
416 595 577 596 593 
417 593 596 581 597 
418 594 593 597 544 
419 400 464 598 529 
420 464 420 599 598 
421 598 599 423 549 
422 529 598 549 379 
423 527 601 600 540 
424 601 529 602 600 
425 600 602 379 553 
426 540 600 553 530 
427 537 605 603 604 
428 605 540 606 603 
429 603 606 530 558 
430 604 603 558 541 
431 541 609 607 608 
432 609 558 610 607 
433 607 610 556 579 
434 531 613 611 612 
435 613 528 538 611 
436 611 538 401 563 
437 612 611 563 533 
438 538 616 614 615 
439 616 537 604 614 
440 614 604 541 567 
441 615 614 567 401 
442 567 619 617 618 
443 619 541 608 617 
444 617 608 557 587 
445 618 617 587 565 
446 608 622 620 621 
447 622 607 623 620 
448 620 623 579 624 
449 621 620 624 557 
450 1 627 625 626 
451 627 12 175 625 
452 625 175 10 62 
453 626 625 62 11 
454 16 629 628 228 
455 629 2 630 628 
456 628 630 17 262 
457 228 628 262 15 
458 10 633 631 632 
459 633 25 179 631 
460 631 179 23 66 
461 632 631 66 24 
462 32 635 634 231 
463 635 15 636 634 
464 634 636 33 266 
465 231 634 266 31 
466 23 639 637 638 
467 639 41 183 637 
468 637 183 39 70 
469 638 637 70 40 
470 48 641 640 234 
471 641 31 642 640 
472 640 642 49 270 
473 234 640 270 47 
474 39 645 643 644 
475 645 57 187 643 
476 643 187 55 81 
477 644 643 81 56 
478 70 648 646 647 
479 648 39 644 646 
480 646 644 56 112 
481 647 646 112 68 
482 55 651 649 650 
483 651 89 191 649 
484 649 191 88 134 
485 650 649 134 82 
486 71 113 652 653 
487 113 43 102 652 
488 652 102 76 654 
489 653 652 654 98 
490 43 117 655 656 
491 117 83 125 655 
492 655 125 101 657 
493 656 655 657 102 
494 134 660 658 659 
495 660 88 195 658 
496 658 195 135 157 
497 659 658 157 133 
498 59 147 661 662 
499 147 136 167 661 
500 661 167 141 663 
501 662 661 663 126 
502 197 665 664 212 
503 665 203 248 664 
504 664 248 206 666 
505 212 664 666 152 
506 155 668 667 224 
507 668 218 257 667 
508 667 257 217 669 
509 224 667 669 172 
510 205 671 670 250 
511 671 241 288 670 
512 670 288 244 672 
513 250 670 672 154 
514 5 674 673 259 
515 674 253 312 673 
516 673 312 252 675 
517 259 673 675 219 
518 47 677 676 356 
519 677 270 678 676 
520 676 678 269 369 
521 356 676 369 86 
522 277 346 679 680 
523 346 279 430 679 
524 679 430 87 351 
525 680 679 351 280 
526 201 322 681 324 
527 322 277 680 681 
528 681 680 280 331 
529 324 681 331 151 
530 243 683 682 290 
531 683 281 326 682 
532 682 326 284 684 
533 290 682 684 199 
534 202 686 685 314 
535 686 308 335 685 
536 685 335 307 687 
537 314 685 687 254 
538 419 689 688 445 
539 689 439 690 688 
540 688 690 421 462 
541 445 688 462 341 
542 442 692 691 460 
543 692 445 693 691 
544 691 693 341 466 
545 460 691 466 426 
546 476 551 694 499 
547 551 494 695 694 
548 694 695 478 515 
549 499 694 515 276 
550 474 572 696 697 
551 572 498 698 696 
552 696 698 496 512 
553 697 696 512 497 
554 496 700 699 513 
555 700 499 701 699 
556 699 701 276 519 
557 513 699 519 483 
558 534 555 702 571 
559 555 536 703 702 
560 702 703 476 704 
561 571 702 704 498 
562 542 564 705 706 
563 564 535 570 705 
564 705 570 474 707 
565 706 705 707 509 
566 557 624 708 709 
567 624 579 710 708 
568 708 710 577 595 
569 709 708 595 578 
570 568 588 711 712 
571 588 544 590 711 
572 711 590 574 713 
573 712 711 713 582 
574 81 716 714 715 
575 716 55 650 714 
576 714 650 82 107 
577 715 714 107 79 
578 109 140 717 718 
579 140 59 662 717 
580 717 662 126 719 
581 718 717 719 124 
582 82 722 720 721 
583 722 134 659 720 
584 720 659 133 145 
585 721 720 145 108 
586 498 704 723 698 
587 704 476 724 723 
588 723 724 499 700 
589 698 723 700 496 
590 509 707 725 726 
591 707 474 697 725 
592 725 697 497 727 
593 726 725 727 507 
594 507 727 728 729 
595 727 497 511 728 
596 728 511 407 730 
597 729 728 730 492 
598 56 733 731 732 
599 733 81 715 731 
600 731 715 79 116 
601 732 731 116 80 
602 107 736 734 735 
603 736 82 721 734 
604 734 721 108 138 
605 735 734 138 105 
606 83 132 737 738 
607 132 109 718 737 
608 737 718 124 739 
609 738 737 739 125 
610 492 730 740 741 
611 730 407 501 740 
612 740 501 482 742 
613 741 740 742 490 
