2 0.000000 100.000000 178.105148
25 16 
1 -180.237465 0.000000 -220.469468 99.619470 0.000000 8.715574 0.015276 
2 287.513550 0.000000 -220.469468 99.636024 0.000000 8.709113 0.014931 
3 287.513550 0.000000 227.666535 99.606300 0.000000 8.704452 0.015521 
4 -180.237465 0.000000 227.666535 99.619470 0.000000 8.715574 0.015276 
5 53.638043 0.000000 3.598533 98.758194 -0.000000 12.883579 0.041898 
6 -180.237465 0.000000 3.598533 99.619470 0.000000 8.715574 0.015276 
7 53.638043 0.000000 -220.469468 99.619470 0.000000 8.715574 0.015276 
8 287.513550 0.000000 3.598533 99.714115 -0.000000 7.641191 0.011596 
9 53.638043 0.000000 227.666535 99.619470 0.000000 8.715574 0.015276 
10 -63.299711 0.000000 -108.435467 99.619470 0.000000 8.715574 0.015276 
11 -180.237465 0.000000 -108.435467 99.619470 0.000000 8.715574 0.015276 
12 -63.299711 0.000000 -220.469468 99.619470 0.000000 8.715574 0.015276 
13 53.638043 0.000000 -108.435467 99.619470 0.000000 8.715574 0.015276 
14 -63.299711 0.000000 3.598533 99.619470 0.000000 8.715574 0.015276 
15 170.575796 0.000000 -108.435467 99.685938 0.000000 8.681834 0.013878 
16 170.575796 0.000000 -220.469468 99.619470 0.000000 8.715574 0.015276 
17 287.513550 0.000000 -108.435467 99.629003 0.000000 8.662385 0.014990 
18 170.575796 0.000000 3.598533 99.549652 -0.000001 9.542487 0.018211 
19 170.575796 0.000000 115.632534 99.567839 0.000000 8.669116 0.016234 
20 53.638043 0.000000 115.632534 99.619470 0.000000 8.715574 0.015276 
21 287.513550 0.000000 115.632534 99.624046 0.000000 8.623907 0.015023 
22 170.575796 0.000000 227.666535 99.619470 0.000000 8.715574 0.015276 
23 -63.299711 0.000000 115.632534 99.619470 0.000000 8.715574 0.015276 
24 -180.237465 0.000000 115.632534 99.619470 0.000000 8.715574 0.015276 
25 -63.299711 0.000000 227.666535 99.619470 0.000000 8.715574 0.015276 
1 1 12 10 11 
2 12 7 13 10 
3 10 13 5 14 
4 11 10 14 6 
5 7 16 15 13 
6 16 2 17 15 
7 15 17 8 18 
8 13 15 18 5 
9 5 18 19 20 
10 18 8 21 19 
11 19 21 3 22 
12 20 19 22 9 
13 6 14 23 24 
14 14 5 20 23 
15 23 20 9 25 
16 24 23 25 4 
