2 0.000000 100.000000 178.105148
25 16 
1 -213.943881 0.000000 -224.819368 99.619470 0.000000 8.715574 0.015276 
2 279.589215 0.000000 -224.819368 99.632864 0.010668 8.708749 0.014994 
3 279.589215 0.000000 233.731852 99.608684 -0.012007 8.704754 0.015474 
4 -213.943881 0.000000 233.731852 99.619470 0.000000 8.715574 0.015276 
5 32.822667 0.000000 4.456242 101.702583 -0.000000 7.709807 -0.028108 
6 -213.943881 0.000000 4.456242 99.619470 0.000000 8.715574 0.015276 
7 32.822667 0.000000 -224.819368 99.619470 0.000000 8.715574 0.015276 
8 279.589215 0.000000 4.456242 99.754173 0.075233 7.181331 0.010105 
9 32.822667 0.000000 233.731852 99.619470 0.000000 8.715574 0.015276 
10 -90.560607 0.000000 -110.181563 99.619470 0.000000 8.715574 0.015276 
11 -213.943881 0.000000 -110.181563 99.619470 0.000000 8.715574 0.015276 
12 -90.560607 0.000000 -224.819368 99.619470 0.000000 8.715574 0.015276 
13 32.822667 0.000000 -110.181563 99.619470 0.000000 8.715574 0.015276 
14 -90.560607 0.000000 4.456242 99.619470 0.000000 8.715574 0.015276 
15 156.205941 0.000000 -110.181563 99.675500 0.027549 8.689880 0.014102 
16 156.205941 0.000000 -224.819368 99.619470 0.000000 8.715574 0.015276 
17 279.589215 0.000000 -110.181563 99.627604 0.014514 8.667504 0.015027 
18 156.205941 0.000000 4.456242 99.689658 0.111872 7.935860 0.012553 
19 156.205941 0.000000 119.094047 99.568468 -0.001153 8.675383 0.016232 
20 32.822667 0.000000 119.094047 99.619470 0.000000 8.715574 0.015276 
21 279.589215 0.000000 119.094047 99.623901 -0.020307 8.631672 0.015039 
22 156.205941 0.000000 233.731852 99.619470 0.000000 8.715574 0.015276 
23 -90.560607 0.000000 119.094047 99.619470 0.000000 8.715574 0.015276 
24 -213.943881 0.000000 119.094047 99.619470 0.000000 8.715574 0.015276 
25 -90.560607 0.000000 233.731852 99.619470 0.000000 8.715574 0.015276 
1 1 12 10 11 
2 12 7 13 10 
3 10 13 5 14 
4 11 10 14 6 
5 7 16 15 13 
6 16 2 17 15 
7 15 17 8 18 
8 13 15 18 5 
9 5 18 19 20 
10 18 8 21 19 
11 19 21 3 22 
12 20 19 22 9 
13 6 14 23 24 
14 14 5 20 23 
15 23 20 9 25 
16 24 23 25 4 
