2 0.000000 100.000000 291.862339
25 16 
1 -213.943881 0.000000 -224.819368 99.617705 0.000187 8.716130 0.000034 
2 279.589215 0.000000 -224.819368 99.618393 0.001683 8.703732 0.000042 
3 279.589215 0.000000 233.731852 99.622521 -0.002091 8.700203 -0.000034 
4 -213.943881 0.000000 233.731852 99.621459 -0.000250 8.715994 -0.000040 
5 32.822667 0.000000 4.456242 100.977005 0.000909 8.762584 -0.027314 
6 -213.943881 0.000000 4.456242 99.619727 -0.000037 8.717820 -0.000009 
7 32.822667 0.000000 -224.819368 99.612800 0.000847 8.709373 0.000144 
8 279.589215 0.000000 4.456242 99.724985 0.021649 7.505907 -0.000141 
9 32.822667 0.000000 233.731852 99.626626 -0.000994 8.709016 -0.000131 
10 -90.560607 0.000000 -110.181563 99.612365 0.000307 8.717905 0.000137 
11 -213.943881 0.000000 -110.181563 99.618008 0.000104 8.717158 0.000026 
12 -90.560607 0.000000 -224.819368 99.615199 0.000393 8.714938 0.000086 
13 32.822667 0.000000 -110.181563 99.592013 0.001377 8.690241 0.000591 
14 -90.560607 0.000000 4.456242 99.620737 -0.000074 8.724929 -0.000042 
15 156.205941 0.000000 -110.181563 99.615082 0.003267 8.666592 0.000173 
16 156.205941 0.000000 -224.819368 99.615643 0.001402 8.704136 0.000096 
17 279.589215 0.000000 -110.181563 99.621080 0.003514 8.674236 0.000040 
18 156.205941 0.000000 4.456242 99.663126 0.029787 8.202076 -0.000001 
19 156.205941 0.000000 119.094047 99.631268 -0.003944 8.658649 -0.000136 
20 32.822667 0.000000 119.094047 99.646376 -0.001644 8.691292 -0.000494 
21 279.589215 0.000000 119.094047 99.626882 -0.004953 8.646743 -0.000028 
22 156.205941 0.000000 233.731852 99.624715 -0.001651 8.702800 -0.000082 
23 -90.560607 0.000000 119.094047 99.627289 -0.000430 8.717169 -0.000159 
24 -213.943881 0.000000 119.094047 99.621315 -0.000174 8.717013 -0.000039 
25 -90.560607 0.000000 233.731852 99.624023 -0.000485 8.714645 -0.000089 
1 1 12 10 11 
2 12 7 13 10 
3 10 13 5 14 
4 11 10 14 6 
5 7 16 15 13 
6 16 2 17 15 
7 15 17 8 18 
8 13 15 18 5 
9 5 18 19 20 
10 18 8 21 19 
11 19 21 3 22 
12 20 19 22 9 
13 6 14 23 24 
14 14 5 20 23 
15 23 20 9 25 
16 24 23 25 4 
