2 0.000000 100.000000 291.862339
25 16 
1 -180.237465 0.000000 -220.469468 99.617354 0.000000 8.716165 0.000041 
2 287.513550 0.000000 -220.469468 99.618248 0.000000 8.703053 0.000046 
3 287.513550 0.000000 227.666535 99.622762 0.000000 8.699258 -0.000037 
4 -180.237465 0.000000 227.666535 99.621824 0.000000 8.716035 -0.000048 
5 53.638043 0.000000 3.598533 99.150749 -0.000009 12.076350 0.002329 
6 -180.237465 0.000000 3.598533 99.619727 0.000000 8.718344 -0.000010 
7 53.638043 0.000000 -220.469468 99.612310 0.000000 8.708663 0.000155 
8 287.513550 0.000000 3.598533 99.687027 0.000078 7.938768 -0.000053 
9 53.638043 0.000000 227.666535 99.627279 0.000000 8.708217 -0.000143 
10 -63.299711 0.000000 -108.435467 99.610596 0.000000 8.717917 0.000173 
11 -180.237465 0.000000 -108.435467 99.617606 0.000000 8.717439 0.000034 
12 -63.299711 0.000000 -220.469468 99.614570 0.000000 8.714675 0.000099 
13 53.638043 0.000000 -108.435467 99.590514 0.000000 8.686323 0.000628 
14 -63.299711 0.000000 3.598533 99.620613 0.000000 8.727145 -0.000043 
15 170.575796 0.000000 -108.435467 99.614809 0.000001 8.664715 0.000181 
16 170.575796 0.000000 -220.469468 99.615385 0.000000 8.703449 0.000103 
17 287.513550 0.000000 -108.435467 99.621016 0.000001 8.672425 0.000044 
18 170.575796 0.000000 3.598533 99.555343 0.000034 9.430186 -0.000019 
19 170.575796 0.000000 115.632534 99.631801 0.000001 8.655529 -0.000141 
20 53.638043 0.000000 115.632534 99.648874 0.000000 8.687160 -0.000536 
21 287.513550 0.000000 115.632534 99.627228 0.000001 8.644101 -0.000031 
22 170.575796 0.000000 227.666535 99.625089 0.000000 8.701871 -0.000088 
23 -63.299711 0.000000 115.632534 99.629033 0.000000 8.717283 -0.000194 
24 -180.237465 0.000000 115.632534 99.621722 0.000000 8.717302 -0.000048 
25 -63.299711 0.000000 227.666535 99.624706 0.000000 8.714399 -0.000102 
1 1 12 10 11 
2 12 7 13 10 
3 10 13 5 14 
4 11 10 14 6 
5 7 16 15 13 
6 16 2 17 15 
7 15 17 8 18 
8 13 15 18 5 
9 5 18 19 20 
10 18 8 21 19 
11 19 21 3 22 
12 20 19 22 9 
13 6 14 23 24 
14 14 5 20 23 
15 23 20 9 25 
16 24 23 25 4 
