2 0.000000 100.000000 211.018442
25 16 
1 -213.943881 0.000000 -224.819368 99.618228 0.000106 8.716132 0.000024 
2 279.589215 0.000000 -224.819368 99.619122 0.002002 8.702668 0.000029 
3 279.589215 0.000000 233.731852 99.622148 -0.002418 8.698886 -0.000024 
4 -213.943881 0.000000 233.731852 99.620863 -0.000138 8.716085 -0.000029 
5 32.822667 0.000000 4.456242 101.422973 0.001386 8.852522 -0.036499 
6 -213.943881 0.000000 4.456242 99.619590 -0.000018 8.716617 -0.000004 
7 32.822667 0.000000 -224.819368 99.608158 0.000858 8.708693 0.000237 
8 279.589215 0.000000 4.456242 99.734319 0.022978 7.401448 -0.000172 
9 32.822667 0.000000 233.731852 99.630948 -0.000961 8.708679 -0.000217 
10 -90.560607 0.000000 -110.181563 99.614505 0.000168 8.717855 0.000095 
11 -213.943881 0.000000 -110.181563 99.618691 0.000051 8.716468 0.000014 
12 -90.560607 0.000000 -224.819368 99.614883 0.000269 8.715876 0.000091 
13 32.822667 0.000000 -110.181563 99.573386 0.001230 8.687586 0.000967 
14 -90.560607 0.000000 4.456242 99.620064 -0.000036 8.719914 -0.000019 
15 156.205941 0.000000 -110.181563 99.618054 0.003928 8.662186 0.000121 
16 156.205941 0.000000 -224.819368 99.615517 0.001737 8.701921 0.000103 
17 279.589215 0.000000 -110.181563 99.622267 0.003964 8.671429 0.000021 
18 156.205941 0.000000 4.456242 99.669315 0.030140 8.139359 -0.000022 
19 156.205941 0.000000 119.094047 99.629866 -0.004618 8.653685 -0.000100 
20 32.822667 0.000000 119.094047 99.662295 -0.001426 8.690088 -0.000809 
21 279.589215 0.000000 119.094047 99.626697 -0.005536 8.641576 -0.000016 
22 156.205941 0.000000 233.731852 99.625262 -0.001957 8.700741 -0.000090 
23 -90.560607 0.000000 119.094047 99.625031 -0.000233 8.717575 -0.000114 
24 -213.943881 0.000000 119.094047 99.620458 -0.000086 8.716433 -0.000021 
25 -90.560607 0.000000 233.731852 99.624277 -0.000323 8.715709 -0.000096 
1 1 12 10 11 
2 12 7 13 10 
3 10 13 5 14 
4 11 10 14 6 
5 7 16 15 13 
6 16 2 17 15 
7 15 17 8 18 
8 13 15 18 5 
9 5 18 19 20 
10 18 8 21 19 
11 19 21 3 22 
12 20 19 22 9 
13 6 14 23 24 
14 14 5 20 23 
15 23 20 9 25 
16 24 23 25 4 
