2 0.000000 100.000000 291.862339
25 16 
1 -180.237465 0.000000 -220.469468 99.617110 -0.000000 8.716233 0.000046 
2 287.513550 0.000000 -220.469468 99.618107 -0.000000 8.701600 0.000051 
3 287.513550 0.000000 227.666535 99.623141 -0.000000 8.697383 -0.000041 
4 -180.237465 0.000000 227.666535 99.622094 -0.000000 8.716089 -0.000053 
5 53.638043 0.000000 3.598533 98.765054 -0.000012 12.619447 0.008621 
6 -180.237465 0.000000 3.598533 99.619753 -0.000000 8.718662 -0.000011 
7 53.638043 0.000000 -220.469468 99.611481 -0.000000 8.707864 0.000173 
8 287.513550 0.000000 3.598533 99.697838 -0.000056 7.814945 -0.000073 
9 53.638043 0.000000 227.666535 99.628179 -0.000000 8.707379 -0.000159 
10 -63.299711 0.000000 -108.435467 99.609567 -0.000000 8.718179 0.000193 
11 -180.237465 0.000000 -108.435467 99.617390 -0.000000 8.717652 0.000038 
12 -63.299711 0.000000 -220.469468 99.614004 -0.000000 8.714571 0.000111 
13 53.638043 0.000000 -108.435467 99.587165 -0.000000 8.682910 0.000700 
14 -63.299711 0.000000 3.598533 99.620708 -0.000000 8.728473 -0.000047 
15 170.575796 0.000000 -108.435467 99.614264 -0.000001 8.658814 0.000202 
16 170.575796 0.000000 -220.469468 99.614910 -0.000000 8.702043 0.000114 
17 287.513550 0.000000 -108.435467 99.621200 -0.000001 8.667424 0.000049 
18 170.575796 0.000000 3.598533 99.577767 0.000050 9.173404 0.000012 
19 170.575796 0.000000 115.632534 99.633236 -0.000001 8.648740 -0.000158 
20 53.638043 0.000000 115.632534 99.652226 -0.000000 8.684012 -0.000598 
21 287.513550 0.000000 115.632534 99.628100 -0.000001 8.636058 -0.000034 
22 170.575796 0.000000 227.666535 99.625741 -0.000000 8.700299 -0.000098 
23 -63.299711 0.000000 115.632534 99.630118 -0.000000 8.717489 -0.000215 
24 -180.237465 0.000000 115.632534 99.621978 -0.000000 8.717501 -0.000053 
25 -63.299711 0.000000 227.666535 99.625306 -0.000000 8.714268 -0.000114 
1 1 12 10 11 
2 12 7 13 10 
3 10 13 5 14 
4 11 10 14 6 
5 7 16 15 13 
6 16 2 17 15 
7 15 17 8 18 
8 13 15 18 5 
9 5 18 19 20 
10 18 8 21 19 
11 19 21 3 22 
12 20 19 22 9 
13 6 14 23 24 
14 14 5 20 23 
15 23 20 9 25 
16 24 23 25 4 
