2 0.000000 100.000000 5791.461216
62 43 
1 -144.530000 0.000000 -163.870000 99.614939 -0.000001 8.716760 0.000088 
2 207.520000 0.000000 -163.870000 99.616442 -0.000001 8.689233 0.000106 
3 207.520000 0.000000 167.670000 99.627105 -0.000001 8.678345 -0.000087 
4 -144.530000 0.000000 167.670000 99.624673 -0.000000 8.716493 -0.000105 
5 31.495000 0.000000 1.900000 99.731883 0.000140 0.000000 0.005355 
6 -144.530000 0.000000 1.900000 99.620013 -0.000001 8.722284 -0.000023 
7 31.495000 0.000000 -163.870000 99.605613 -0.000004 8.701721 0.000300 
8 207.520000 0.000000 1.900000 99.821733 0.000010 6.390438 -0.000522 
9 31.495000 0.000000 167.670000 99.635759 0.000000 8.699399 -0.000296 
10 119.507500 0.000000 -80.985000 99.607126 -0.000015 8.610917 0.000427 
11 31.495000 0.000000 -80.985000 99.556831 -0.000042 8.659472 0.001345 
12 119.507500 0.000000 -163.870000 99.610738 -0.000003 8.690805 0.000217 
13 207.520000 0.000000 -80.985000 99.621773 -0.000002 8.625429 0.000110 
14 119.507500 0.000000 1.900000 100.017743 0.000380 4.098362 -0.002035 
15 -56.517500 0.000000 -80.985000 99.601242 -0.000006 8.720214 0.000355 
16 -144.530000 0.000000 -80.985000 99.615255 -0.000001 8.719837 0.000077 
17 -56.517500 0.000000 -163.870000 99.609727 -0.000002 8.713451 0.000198 
18 -56.517500 0.000000 1.900000 99.621493 -0.000005 8.749061 -0.000099 
19 119.507500 0.000000 84.785000 99.649491 -0.000001 8.571560 -0.000349 
20 31.495000 0.000000 84.785000 99.690967 0.000018 8.651253 -0.001313 
21 207.520000 0.000000 84.785000 99.638584 -0.000003 8.540168 -0.000078 
22 119.507500 0.000000 167.670000 99.631952 -0.000000 8.684964 -0.000195 
23 75.501250 0.000000 -39.542500 99.562621 -0.016343 8.305469 0.001830 
24 31.495000 0.000000 -39.542500 99.390678 -0.021016 8.496133 0.004931 
25 75.501250 0.000000 -80.985000 99.580988 -0.000037 8.615278 0.000940 
26 119.507500 0.000000 -39.542500 99.625564 -0.000033 8.362039 0.000482 
27 75.501250 0.000000 1.900000 100.161133 0.003553 2.256282 -0.003734 
28 -56.517500 0.000000 84.785000 99.640236 0.000000 8.719206 -0.000420 
29 -144.530000 0.000000 84.785000 99.624620 -0.000000 8.719625 -0.000110 
30 -56.517500 0.000000 167.670000 99.630499 -0.000000 8.712689 -0.000215 
31 -12.511250 0.000000 -39.542500 99.538901 0.000465 8.737441 0.001566 
32 -56.517500 0.000000 -39.542500 99.602290 -0.000008 8.732591 0.000313 
33 -12.511250 0.000000 -80.985000 99.575015 -0.000019 8.708876 0.000897 
34 -12.511250 0.000000 1.900000 99.626059 0.001045 8.838824 -0.000348 
35 75.501250 0.000000 43.342500 99.739124 0.014278 8.186656 -0.001491 
36 31.495000 0.000000 43.342500 99.877890 0.022339 8.472215 -0.004737 
37 119.507500 0.000000 43.342500 99.690438 -0.000018 8.091055 -0.000365 
38 75.501250 0.000000 84.785000 99.671937 0.000010 8.594666 -0.000836 
39 53.498125 0.000000 -18.821250 99.378768 -0.025420 7.324073 0.007022 
40 31.495000 0.000000 -18.821250 98.876198 -0.017182 7.925498 0.016068 
41 53.498125 0.000000 -39.542500 99.475687 -0.026375 8.336922 0.003508 
42 75.501250 0.000000 -18.821250 99.629096 -0.000119 7.493753 0.001789 
43 53.498125 0.000000 1.900000 100.121841 0.003474 1.683606 -0.002722 
44 -12.511250 0.000000 43.342500 99.708873 -0.002029 8.733590 -0.001813 
45 -56.517500 0.000000 43.342500 99.640149 -0.000000 8.731799 -0.000440 
46 -12.511250 0.000000 84.785000 99.668678 0.000007 8.706083 -0.000964 
47 9.491875 0.000000 -18.821250 99.277979 -0.007060 8.771742 0.006694 
48 -12.511250 0.000000 -18.821250 99.542978 -0.000578 8.786225 0.001400 
49 9.491875 0.000000 -39.542500 99.460875 -0.007015 8.674907 0.003228 
50 9.491875 0.000000 1.900000 99.638000 0.001247 9.326021 -0.001471 
51 53.498125 0.000000 22.621250 100.025989 0.021083 7.126614 -0.005599 
52 31.495000 0.000000 22.621250 100.426747 0.019841 7.881005 -0.014764 
53 75.501250 0.000000 22.621250 99.834260 -0.000182 6.939633 -0.001504 
54 53.498125 0.000000 43.342500 99.811401 0.025226 8.277138 -0.003083 
55 42.496562 0.000000 -8.460625 98.716188 0.000519 5.392603 0.022603 
56 31.495000 0.000000 -8.460625 97.915233 -0.000861 6.523819 0.037005 
57 42.496562 0.000000 -18.821250 99.102482 -0.029087 7.462457 0.012301 
58 53.498125 0.000000 -8.460625 99.506486 -0.005718 5.383417 0.006948 
59 42.496562 0.000000 1.900000 101.235257 0.000806 0.953631 -0.024949 
60 9.491875 0.000000 22.621250 99.988364 0.008975 8.762137 -0.007445 
61 -12.511250 0.000000 22.621250 99.707631 0.001866 8.783633 -0.001876 
62 9.491875 0.000000 43.342500 99.794595 0.008612 8.666327 -0.003407 
1 7 12 10 11 
2 12 2 13 10 
3 10 13 8 14 
4 1 17 15 16 
5 17 7 11 15 
6 16 15 18 6 
7 14 8 21 19 
8 19 21 3 22 
9 20 19 22 9 
10 11 25 23 24 
11 25 10 26 23 
12 23 26 14 27 
13 6 18 28 29 
14 28 20 9 30 
15 29 28 30 4 
16 15 33 31 32 
17 33 11 24 31 
18 32 31 34 18 
19 27 14 37 35 
20 35 37 19 38 
21 36 35 38 20 
22 24 41 39 40 
23 41 23 42 39 
24 39 42 27 43 
25 18 34 44 45 
26 44 36 20 46 
27 45 44 46 28 
28 31 49 47 48 
29 49 24 40 47 
30 47 40 5 50 
31 48 47 50 34 
32 5 43 51 52 
33 43 27 53 51 
34 51 53 35 54 
35 52 51 54 36 
36 40 57 55 56 
37 57 39 58 55 
38 55 58 43 59 
39 56 55 59 5 
40 34 50 60 61 
41 50 5 52 60 
42 60 52 36 62 
43 61 60 62 44 
