2 0.000000 100.000000 211.018442
62 43 
1 -144.530000 0.000000 -163.870000 99.616241 -0.000001 8.716994 0.000062 
2 207.520000 0.000000 -163.870000 99.618366 0.000003 8.685381 0.000075 
3 207.520000 0.000000 167.670000 99.626256 -0.000004 8.673245 -0.000062 
4 -144.530000 0.000000 167.670000 99.623062 -0.000001 8.716937 -0.000074 
5 31.495000 0.000000 1.900000 99.695676 0.000213 0.000000 0.006077 
6 -144.530000 0.000000 1.900000 99.619693 -0.000001 8.718317 -0.000009 
7 31.495000 0.000000 -163.870000 99.592466 -0.000006 8.699295 0.000566 
8 207.520000 0.000000 1.900000 99.847258 0.002525 6.106826 -0.000677 
9 31.495000 0.000000 167.670000 99.649127 -0.000006 8.697806 -0.000560 
10 119.507500 0.000000 -80.985000 99.614726 0.000018 8.595572 0.000302 
11 31.495000 0.000000 -80.985000 99.513943 -0.000053 8.651098 0.002213 
12 119.507500 0.000000 -163.870000 99.609603 0.000000 8.683738 0.000252 
13 207.520000 0.000000 -80.985000 99.625443 0.000022 8.615785 0.000054 
14 119.507500 0.000000 1.900000 100.070684 0.008038 3.535239 -0.002664 
15 -56.517500 0.000000 -80.985000 99.606371 -0.000004 8.721233 0.000251 
16 -144.530000 0.000000 -80.985000 99.617373 -0.000001 8.717889 0.000038 
17 -56.517500 0.000000 -163.870000 99.607903 -0.000002 8.716251 0.000229 
18 -56.517500 0.000000 1.900000 99.620305 -0.000006 8.726663 -0.000036 
19 119.507500 0.000000 84.785000 99.646234 -0.000038 8.551689 -0.000250 
20 31.495000 0.000000 84.785000 99.734300 -0.000032 8.646096 -0.002169 
21 207.520000 0.000000 84.785000 99.638553 -0.000044 8.518788 -0.000041 
22 119.507500 0.000000 167.670000 99.634184 -0.000005 8.677805 -0.000227 
23 75.501250 0.000000 -39.542500 99.592825 0.000037 8.252589 0.001316 
24 31.495000 0.000000 -39.542500 99.183583 -0.007067 8.454993 0.009113 
25 75.501250 0.000000 -80.985000 99.579210 -0.000017 8.589848 0.001020 
26 119.507500 0.000000 -39.542500 99.641880 0.000142 8.329493 0.000212 
27 75.501250 0.000000 1.900000 100.242663 0.007140 1.472667 -0.005076 
28 -56.517500 0.000000 84.785000 99.633933 -0.000004 8.721016 -0.000298 
29 -144.530000 0.000000 84.785000 99.621988 -0.000001 8.717854 -0.000054 
30 -56.517500 0.000000 167.670000 99.631945 -0.000002 8.716007 -0.000249 
31 -12.511250 0.000000 -39.542500 99.562599 -0.000027 8.739400 0.001091 
32 -56.517500 0.000000 -39.542500 99.610867 -0.000006 8.724886 0.000155 
33 -12.511250 0.000000 -80.985000 99.572703 -0.000015 8.717802 0.000928 
34 -12.511250 0.000000 1.900000 99.622398 -0.000032 8.769813 -0.000153 
35 75.501250 0.000000 43.342500 99.724787 -0.004737 8.119763 -0.001096 
36 31.495000 0.000000 43.342500 100.083235 0.007596 8.441463 -0.008791 
37 119.507500 0.000000 43.342500 99.687856 -0.000336 8.020240 -0.000199 
38 75.501250 0.000000 84.785000 99.677920 -0.000042 8.569390 -0.000912 
39 53.498125 0.000000 -18.821250 99.460995 0.005972 7.133825 0.005662 
40 31.495000 0.000000 -18.821250 98.374418 0.001503 7.817365 0.026136 
41 53.498125 0.000000 -39.542500 99.424162 -0.025234 8.221430 0.004724 
42 75.501250 0.000000 -18.821250 99.681680 -0.006522 7.356991 0.000944 
43 53.498125 0.000000 1.900000 100.241379 0.013095 0.925864 -0.004919 
44 -12.511250 0.000000 43.342500 99.681199 -0.000022 8.738641 -0.001271 
45 -56.517500 0.000000 43.342500 99.629652 -0.000005 8.724754 -0.000219 
46 -12.511250 0.000000 84.785000 99.669543 -0.000012 8.716925 -0.001000 
47 9.491875 0.000000 -18.821250 99.344341 -0.002691 8.801596 0.005323 
48 -12.511250 0.000000 -18.821250 99.577429 -0.000033 8.761334 0.000757 
49 9.491875 0.000000 -39.542500 99.403730 0.000340 8.724277 0.004279 
50 9.491875 0.000000 1.900000 99.627854 0.000295 8.959164 -0.000598 
51 53.498125 0.000000 22.621250 99.994489 0.001305 6.931340 -0.004694 
52 31.495000 0.000000 22.621250 100.928662 -0.001156 7.791306 -0.024730 
53 75.501250 0.000000 22.621250 99.830524 0.003139 6.727194 -0.001139 
54 53.498125 0.000000 43.342500 99.871757 0.021909 8.167481 -0.004108 
55 42.496562 0.000000 -8.460625 98.477439 -0.007696 4.991786 0.027728 
56 31.495000 0.000000 -8.460625 96.952724 -0.014148 6.185162 0.056191 
57 42.496562 0.000000 -18.821250 98.904595 -0.006817 7.150930 0.016675 
58 53.498125 0.000000 -8.460625 99.651325 -0.011844 5.061176 0.004400 
59 42.496562 0.000000 1.900000 102.117338 -0.001040 0.430990 -0.042814 
60 9.491875 0.000000 22.621250 99.909502 0.004364 8.799478 -0.005934 
61 -12.511250 0.000000 22.621250 99.667075 -0.000026 8.760875 -0.001028 
62 9.491875 0.000000 43.342500 99.846302 -0.000509 8.721455 -0.004535 
1 7 12 10 11 
2 12 2 13 10 
3 10 13 8 14 
4 1 17 15 16 
5 17 7 11 15 
6 16 15 18 6 
7 14 8 21 19 
8 19 21 3 22 
9 20 19 22 9 
10 11 25 23 24 
11 25 10 26 23 
12 23 26 14 27 
13 6 18 28 29 
14 28 20 9 30 
15 29 28 30 4 
16 15 33 31 32 
17 33 11 24 31 
18 32 31 34 18 
19 27 14 37 35 
20 35 37 19 38 
21 36 35 38 20 
22 24 41 39 40 
23 41 23 42 39 
24 39 42 27 43 
25 18 34 44 45 
26 44 36 20 46 
27 45 44 46 28 
28 31 49 47 48 
29 49 24 40 47 
30 47 40 5 50 
31 48 47 50 34 
32 5 43 51 52 
33 43 27 53 51 
34 51 53 35 54 
35 52 51 54 36 
36 40 57 55 56 
37 57 39 58 55 
38 55 58 43 59 
39 56 55 59 5 
40 34 50 60 61 
41 50 5 52 60 
42 60 52 36 62 
43 61 60 62 44 
