2 0.000000 100.000000 157.431060
25 16 
1 -144.530000 0.000000 -163.870000 99.984770 0.000000 1.745241 0.000609 
2 205.682037 0.000000 -163.870000 nan -nan(ind) nan -0.389472 
3 205.682037 0.000000 167.670000 nan -nan(ind) nan -0.389472 
4 -144.530000 0.000000 167.670000 99.984770 0.000000 1.745241 0.000609 
5 30.576018 0.000000 1.900000 -nan(ind) -nan(ind) -nan(ind) -0.389472 
6 -144.530000 0.000000 1.900000 99.984770 0.000000 1.745241 0.000609 
7 30.576018 0.000000 -163.870000 nan -nan(ind) nan -0.389472 
8 205.682037 0.000000 1.900000 nan -nan(ind) nan -0.389472 
9 30.576018 0.000000 167.670000 nan -nan(ind) nan -0.389472 
10 -56.976991 0.000000 -80.985000 99.984770 0.000000 1.745241 0.000609 
11 -144.530000 0.000000 -80.985000 99.984770 0.000000 1.745241 0.000609 
12 -56.976991 0.000000 -163.870000 99.984770 0.000000 1.745241 0.000609 
13 30.576018 0.000000 -80.985000 nan -nan(ind) nan -0.389472 
14 -56.976991 0.000000 1.900000 99.984770 0.000000 1.745241 0.000609 
15 118.129028 0.000000 -80.985000 nan -nan(ind) nan -0.389472 
16 118.129028 0.000000 -163.870000 nan -nan(ind) nan -0.389472 
17 205.682037 0.000000 -80.985000 nan -nan(ind) nan -0.389472 
18 118.129028 0.000000 1.900000 nan -nan(ind) nan -0.389472 
19 118.129028 0.000000 84.785000 nan -nan(ind) nan -0.389472 
20 30.576018 0.000000 84.785000 nan -nan(ind) nan -0.389472 
21 205.682037 0.000000 84.785000 nan -nan(ind) nan -0.389472 
22 118.129028 0.000000 167.670000 nan -nan(ind) nan -0.389472 
23 -56.976991 0.000000 84.785000 99.984770 0.000000 1.745241 0.000609 
24 -144.530000 0.000000 84.785000 99.984770 0.000000 1.745241 0.000609 
25 -56.976991 0.000000 167.670000 99.984770 0.000000 1.745241 0.000609 
1 1 12 10 11 
2 12 7 13 10 
3 10 13 5 14 
4 11 10 14 6 
5 7 16 15 13 
6 16 2 17 15 
7 15 17 8 18 
8 13 15 18 5 
9 5 18 19 20 
10 18 8 21 19 
11 19 21 3 22 
12 20 19 22 9 
13 6 14 23 24 
14 14 5 20 23 
15 23 20 9 25 
16 24 23 25 4 
