2 0.000000 100.000000 5791.461216
25 16 
1 -213.943881 0.000000 -224.819368 99.617565 -0.000076 8.716086 0.000037 
2 279.589215 0.000000 -224.819368 99.618243 -0.000597 8.703546 0.000045 
3 279.589215 0.000000 233.731852 99.622675 0.000770 8.699895 -0.000037 
4 -213.943881 0.000000 233.731852 99.621624 0.000106 8.715912 -0.000044 
5 32.822667 0.000000 4.456242 100.942627 0.002614 8.617174 -0.026367 
6 -213.943881 0.000000 4.456242 99.619785 0.000019 8.718288 -0.000011 
7 32.822667 0.000000 -224.819368 99.613287 -0.000309 8.709263 0.000134 
8 279.589215 0.000000 4.456242 99.727355 -0.006662 7.477978 -0.000147 
9 32.822667 0.000000 233.731852 99.626206 0.000379 8.708798 -0.000122 
10 -90.560607 0.000000 -110.181563 99.611785 -0.000123 8.717748 0.000149 
11 -213.943881 0.000000 -110.181563 99.617772 -0.000043 8.717368 0.000031 
12 -90.560607 0.000000 -224.819368 99.615237 -0.000153 8.714661 0.000086 
13 32.822667 0.000000 -110.181563 99.596276 -0.000499 8.690086 0.000506 
14 -90.560607 0.000000 4.456242 99.621032 0.000040 8.727490 -0.000052 
15 156.205941 0.000000 -110.181563 99.614494 -0.001140 8.665826 0.000186 
16 156.205941 0.000000 -224.819368 99.615673 -0.000495 8.704192 0.000095 
17 279.589215 0.000000 -110.181563 99.620859 -0.001247 8.673158 0.000046 
18 156.205941 0.000000 4.456242 99.682763 -0.006100 7.977678 -0.000030 
19 156.205941 0.000000 119.094047 99.631825 0.001472 8.657523 -0.000145 
20 32.822667 0.000000 119.094047 99.642872 0.000647 8.690717 -0.000423 
21 279.589215 0.000000 119.094047 99.627260 0.001870 8.644886 -0.000033 
22 156.205941 0.000000 233.731852 99.624676 0.000607 8.702730 -0.000081 
23 -90.560607 0.000000 119.094047 99.627920 0.000186 8.716845 -0.000171 
24 -213.943881 0.000000 119.094047 99.621615 0.000077 8.717168 -0.000046 
25 -90.560607 0.000000 233.731852 99.624020 0.000197 8.714317 -0.000088 
1 1 12 10 11 
2 12 7 13 10 
3 10 13 5 14 
4 11 10 14 6 
5 7 16 15 13 
6 16 2 17 15 
7 15 17 8 18 
8 13 15 18 5 
9 5 18 19 20 
10 18 8 21 19 
11 19 21 3 22 
12 20 19 22 9 
13 6 14 23 24 
14 14 5 20 23 
15 23 20 9 25 
16 24 23 25 4 
