2 0.000000 100.000000 5791.461216
765 658 
1 -276.279947 0.000000 -280.205243 99.999907 -0.000050 -0.000059 0.000002 
2 331.535936 0.000000 -280.205243 99.999868 -0.000397 -0.000200 0.000003 
3 331.535936 0.000000 285.678573 100.000052 0.000427 -0.000417 -0.000001 
4 -276.279947 0.000000 285.678573 100.000013 0.000089 0.000135 -0.000000 
5 27.627995 0.000000 2.736665 108.436668 -0.092852 -7.991180 -0.182238 
6 -276.279947 0.000000 2.736665 99.999670 0.000053 0.000095 0.000007 
7 27.627995 0.000000 -280.205243 99.999995 -0.000202 -0.000075 0.000000 
8 331.535936 0.000000 2.736665 99.999634 -0.031870 -0.067936 0.000007 
9 27.627995 0.000000 285.678573 100.000424 0.000312 -0.000070 -0.000008 
10 -124.325976 0.000000 -138.734289 99.999529 0.000020 -0.000626 0.000009 
11 -276.279947 0.000000 -138.734289 99.999775 -0.000011 -0.000068 0.000004 
12 -124.325976 0.000000 -280.205243 99.999927 -0.000097 -0.000146 0.000001 
13 27.627995 0.000000 -138.734289 100.000751 -0.000069 -0.000156 -0.000015 
14 -124.325976 0.000000 2.736665 99.997373 0.000476 0.000272 0.000053 
15 179.581965 0.000000 -138.734289 99.999219 -0.000708 -0.000325 0.000016 
16 179.581965 0.000000 -280.205243 99.999865 -0.000328 -0.000064 0.000003 
17 331.535936 0.000000 -138.734289 99.999709 -0.000849 -0.000980 0.000006 
18 179.581965 0.000000 2.736665 99.996966 -0.031621 -0.069418 0.000060 
19 -124.325976 0.000000 144.207619 99.999841 0.000305 0.000910 0.000003 
20 -276.279947 0.000000 144.207619 99.999863 0.000088 0.000215 0.000003 
21 27.627995 0.000000 144.207619 100.002517 0.000948 -0.000027 -0.000050 
22 -124.325976 0.000000 285.678573 100.000164 0.000178 0.000207 -0.000003 
23 -48.348991 0.000000 -67.998812 100.001647 0.028262 -0.012294 -0.000033 
24 -124.325976 0.000000 -67.998812 99.998464 0.000240 -0.000890 0.000031 
25 -48.348991 0.000000 -138.734289 99.999999 0.000064 -0.001216 0.000000 
26 27.627995 0.000000 -67.998812 100.018947 -0.056155 -0.008089 -0.000379 
27 -48.348991 0.000000 2.736665 99.973952 0.003975 -0.004241 0.000521 
28 179.581965 0.000000 144.207619 100.000159 0.000952 -0.002099 -0.000003 
29 331.535936 0.000000 144.207619 99.999911 0.000902 -0.001397 0.000002 
30 179.581965 0.000000 285.678573 100.000239 0.000397 -0.000436 -0.000005 
31 103.604980 0.000000 -67.998812 100.001875 -0.014515 0.010784 -0.000038 
32 103.604980 0.000000 -138.734289 99.999580 -0.000474 0.000650 0.000008 
33 179.581965 0.000000 -67.998812 99.997824 -0.001394 -0.003022 0.000044 
34 103.604980 0.000000 2.736665 99.965926 -0.032654 -0.053834 0.000681 
35 -48.348991 0.000000 73.472142 99.998708 0.012970 0.007757 0.000026 
36 -124.325976 0.000000 73.472142 99.998683 0.000431 0.001351 0.000026 
37 27.627995 0.000000 73.472142 100.010249 -0.010588 -0.003891 -0.000205 
38 -48.348991 0.000000 144.207619 100.000698 0.000612 0.001553 -0.000014 
39 -10.360498 0.000000 -32.631073 99.960221 0.014234 -0.060858 0.000795 
40 -48.348991 0.000000 -32.631073 99.982668 0.037633 -0.006439 0.000346 
41 -10.360498 0.000000 -67.998812 100.013147 -0.037892 -0.021485 -0.000263 
42 27.627995 0.000000 -32.631073 100.042740 -0.143934 -0.078718 -0.000858 
43 -10.360498 0.000000 2.736665 99.536159 -0.055347 -0.051393 0.009255 
44 103.604980 0.000000 73.472142 99.993593 -0.007776 -0.005656 0.000128 
45 179.581965 0.000000 73.472142 99.999040 0.001863 -0.006546 0.000019 
46 103.604980 0.000000 144.207619 100.001328 0.001020 -0.002294 -0.000027 
47 65.616487 0.000000 -32.631073 99.968952 -0.122430 0.059195 0.000619 
48 65.616487 0.000000 -67.998812 100.013665 0.012807 0.013324 -0.000273 
49 103.604980 0.000000 -32.631073 99.989926 -0.063703 0.017298 0.000201 
50 65.616487 0.000000 2.736665 99.413973 -0.062417 -0.428360 0.011667 
51 -10.360498 0.000000 38.104404 100.053710 0.008371 0.073925 -0.001075 
52 -48.348991 0.000000 38.104404 99.993835 -0.016867 0.020096 0.000123 
53 27.627995 0.000000 38.104404 100.164454 0.042085 -0.017543 -0.003292 
54 -10.360498 0.000000 73.472142 100.007413 -0.011137 0.010513 -0.000148 
55 8.633748 0.000000 -14.947204 99.876975 -0.109894 -0.312482 0.002448 
56 -10.360498 0.000000 -14.947204 99.915175 -0.062076 -0.242956 0.001689 
57 8.633748 0.000000 -32.631073 99.999091 -0.259675 -0.076375 0.000011 
58 27.627995 0.000000 -14.947204 100.202980 0.280027 -0.586685 -0.004106 
59 8.633748 0.000000 2.736665 106.880461 -0.017764 8.838447 -0.150155 
60 -200.302961 0.000000 -67.998812 99.999361 0.000063 -0.000151 0.000013 
61 -276.279947 0.000000 -67.998812 99.999693 0.000021 -0.000012 0.000006 
62 -200.302961 0.000000 -138.734289 99.999641 -0.000005 -0.000219 0.000007 
63 -200.302961 0.000000 2.736665 99.999220 0.000129 0.000151 0.000016 
64 -86.337483 0.000000 -32.631073 99.995144 0.000983 -0.001782 0.000097 
65 -124.325976 0.000000 -32.631073 99.997706 0.000382 -0.000546 0.000046 
66 -86.337483 0.000000 -67.998812 99.997540 0.000544 -0.002118 0.000049 
67 -86.337483 0.000000 2.736665 99.993019 0.021297 0.001488 0.000140 
68 -29.354744 0.000000 -14.947204 99.934020 0.072769 -0.018888 0.001319 
69 -48.348991 0.000000 -14.947204 99.978241 0.020107 -0.012848 0.000435 
70 -29.354744 0.000000 -32.631073 99.972814 0.029445 -0.029051 0.000543 
71 -29.354744 0.000000 2.736665 99.918085 0.078201 0.007183 0.001637 
72 65.616487 0.000000 38.104404 100.022921 0.121350 -0.087766 -0.000461 
73 103.604980 0.000000 38.104404 99.980088 -0.033231 -0.018493 0.000398 
74 65.616487 0.000000 73.472142 99.992732 -0.028482 -0.008232 0.000145 
75 8.633748 0.000000 20.420534 100.079936 0.209117 0.327860 -0.001614 
76 -10.360498 0.000000 20.420534 99.904902 0.156265 0.113243 0.001897 
77 27.627995 0.000000 20.420534 100.123735 0.060075 -0.050819 -0.002477 
78 8.633748 0.000000 38.104404 100.081815 0.188222 0.088234 -0.001641 
79 -0.863375 0.000000 -6.105269 99.374590 -0.027954 -0.930808 0.012382 
80 -10.360498 0.000000 -6.105269 99.688354 -0.127008 -0.281127 0.006214 
81 -0.863375 0.000000 -14.947204 99.801050 -0.293491 -0.229495 0.003961 
82 8.633748 0.000000 -6.105269 99.991619 0.010019 -0.524603 0.000140 
83 -0.863375 0.000000 2.736665 97.704116 -0.008233 1.697179 0.045103 
84 46.622241 0.000000 -14.947204 100.217838 -0.026966 0.477970 -0.004384 
85 46.622241 0.000000 -32.631073 100.084380 -0.005030 0.113644 -0.001690 
86 65.616487 0.000000 -14.947204 99.755899 0.125812 0.245114 0.004868 
87 46.622241 0.000000 2.736665 98.756134 -0.065874 -2.877935 0.023894 
88 18.130872 0.000000 -6.105269 99.051670 0.117212 -0.795330 0.018812 
89 18.130872 0.000000 -14.947204 99.881128 0.175124 -0.462649 0.002352 
90 27.627995 0.000000 -6.105269 100.933645 -0.114742 -3.291570 -0.019845 
91 18.130872 0.000000 2.736665 109.046843 0.024274 -1.427583 -0.189325 
92 -200.302961 0.000000 73.472142 99.999459 0.000158 0.000425 0.000011 
93 -276.279947 0.000000 73.472142 99.999744 0.000076 0.000190 0.000005 
94 -200.302961 0.000000 144.207619 99.999798 0.000155 0.000424 0.000004 
95 -86.337483 0.000000 38.104404 99.995484 0.001112 0.002887 0.000090 
96 -124.325976 0.000000 38.104404 99.997825 0.000484 0.001068 0.000043 
97 -86.337483 0.000000 73.472142 99.998085 0.000808 0.002982 0.000038 
98 -29.354744 0.000000 20.420534 99.939672 0.098069 0.003735 0.001205 
99 -48.348991 0.000000 20.420534 99.978728 -0.012489 0.003810 0.000425 
100 -29.354744 0.000000 38.104404 99.971476 -0.029003 0.005985 0.000570 
101 -0.863375 0.000000 11.578600 99.740164 0.064904 0.534615 0.005161 
102 -10.360498 0.000000 11.578600 99.751558 0.044434 0.108377 0.004961 
103 8.633748 0.000000 11.578600 99.940630 -0.044655 0.861443 0.001113 
104 -0.863375 0.000000 20.420534 99.928431 0.061699 0.247300 0.001424 
105 3.885187 0.000000 -1.684302 108.761000 -0.070431 -5.604953 -0.186038 
106 -0.863375 0.000000 -1.684302 96.095271 -0.027273 -2.259859 0.076059 
107 3.885187 0.000000 -6.105269 100.031846 -0.026798 -1.217159 -0.000785 
108 8.633748 0.000000 -1.684302 106.938865 -0.006752 0.519348 -0.143619 
109 3.885187 0.000000 2.736665 98.761671 -0.043543 7.225060 0.019393 
110 -19.857621 0.000000 -6.105269 99.859759 0.034956 -0.014537 0.002803 
111 -29.354744 0.000000 -6.105269 99.920816 0.069681 -0.015749 0.001583 
112 -19.857621 0.000000 -14.947204 99.900031 0.020322 -0.038549 0.001998 
113 -19.857621 0.000000 2.736665 99.852981 0.031759 0.056492 0.002938 
114 -5.611936 0.000000 -1.684302 99.099853 -0.034798 -0.087984 0.017921 
115 -10.360498 0.000000 -1.684302 99.553529 -0.112859 -0.178478 0.008905 
116 -5.611936 0.000000 -6.105269 99.458821 -0.110622 -0.248545 0.010787 
117 -5.611936 0.000000 2.736665 99.161033 0.013957 0.334022 0.016698 
118 46.622241 0.000000 20.420534 100.145546 -0.068873 -0.396353 -0.002929 
119 65.616487 0.000000 20.420534 100.012258 0.024497 -0.349542 -0.000257 
120 46.622241 0.000000 38.104404 100.108622 0.138000 -0.094510 -0.002176 
121 18.130872 0.000000 11.578600 100.674274 -0.108878 0.473879 -0.013555 
122 27.627995 0.000000 11.578600 100.245125 0.094455 -0.299696 -0.004918 
123 18.130872 0.000000 20.420534 100.253603 0.008322 0.178059 -0.005082 
124 3.885187 0.000000 7.157632 99.570238 -0.041803 1.513674 0.008347 
125 -0.863375 0.000000 7.157632 99.351026 0.008160 0.904584 0.012856 
126 8.633748 0.000000 7.157632 99.829360 -0.029571 1.739945 0.003107 
127 3.885187 0.000000 11.578600 99.842429 0.005060 0.760510 0.003091 
128 1.510906 0.000000 0.526182 95.289323 -1.317377 27.126888 0.018234 
129 -0.863375 0.000000 0.526182 94.946783 -0.020862 1.337437 0.098332 
130 1.510906 0.000000 -1.684302 110.886047 -0.148629 -18.701986 -0.264550 
131 3.885187 0.000000 0.526182 100.340270 0.006275 20.427927 -0.048547 
132 1.510906 0.000000 2.736665 97.223217 -0.077207 4.455814 0.052779 
133 -19.857621 0.000000 11.578600 99.897517 0.044477 0.073905 0.002048 
134 -29.354744 0.000000 11.578600 99.937428 0.093799 0.038104 0.001250 
135 -19.857621 0.000000 20.420534 99.936227 0.122365 0.070438 0.001273 
136 -5.611936 0.000000 7.157632 99.486191 -0.058118 0.371098 0.010236 
137 -10.360498 0.000000 7.157632 99.633971 0.014907 0.039999 0.007307 
138 -5.611936 0.000000 11.578600 99.638953 -0.068576 0.217308 0.007203 
139 -3.237656 0.000000 0.526182 98.207700 -0.017429 0.177147 0.035522 
140 -5.611936 0.000000 0.526182 99.048463 -0.018089 0.141346 0.018938 
141 -3.237656 0.000000 -1.684302 98.388445 -0.022305 -0.454812 0.031951 
142 -3.237656 0.000000 2.736665 98.641821 -0.012520 0.595922 0.026944 
143 -48.348991 0.000000 -209.469766 100.000014 -0.000118 -0.000351 -0.000000 
144 -124.325976 0.000000 -209.469766 99.999847 -0.000070 -0.000300 0.000003 
145 -48.348991 0.000000 -280.205243 99.999978 -0.000141 -0.000144 0.000000 
146 27.627995 0.000000 -209.469766 100.000123 -0.000218 -0.000103 -0.000002 
147 -10.360498 0.000000 -103.366550 100.001438 0.000592 -0.002789 -0.000029 
148 -48.348991 0.000000 -103.366550 99.999443 0.000408 -0.002520 0.000011 
149 -10.360498 0.000000 -138.734289 100.000485 0.000049 -0.000998 -0.000010 
150 27.627995 0.000000 -103.366550 100.011593 0.001073 -0.000799 -0.000232 
151 8.633748 0.000000 -50.314943 100.013213 -0.035226 -0.040099 -0.000265 
152 -10.360498 0.000000 -50.314943 99.995806 0.023058 -0.034370 0.000084 
153 8.633748 0.000000 -67.998812 100.028360 0.011398 -0.022966 -0.000567 
154 27.627995 0.000000 -50.314943 100.024191 -0.015808 -0.022665 -0.000484 
155 -0.863375 0.000000 -23.789139 100.034199 -0.315602 -0.176616 -0.000697 
156 -10.360498 0.000000 -23.789139 99.923716 0.005924 -0.078701 0.001524 
157 -0.863375 0.000000 -32.631073 99.998687 -0.004718 -0.099701 0.000025 
158 8.633748 0.000000 -23.789139 100.126787 -0.285402 -0.186054 -0.002549 
159 3.885187 0.000000 -10.526237 99.869795 -0.077906 -0.536063 0.002573 
160 -0.863375 0.000000 -10.526237 99.748977 -0.044322 -0.434119 0.004995 
161 3.885187 0.000000 -14.947204 99.864089 -0.136737 -0.282012 0.002707 
162 8.633748 0.000000 -10.526237 99.864019 0.020830 -0.484140 0.002694 
163 1.510906 0.000000 -3.894786 99.348387 -0.108066 -2.805533 0.012202 
164 -0.863375 0.000000 -3.894786 98.665470 -0.030533 -1.567131 0.026267 
165 1.510906 0.000000 -6.105269 99.650066 -0.094731 -1.287645 0.006820 
166 3.885187 0.000000 -3.894786 100.634342 -0.016588 -2.375950 -0.013292 
167 0.323766 0.000000 -0.579060 88.062189 -0.162382 6.571502 0.220184 
168 -0.863375 0.000000 -0.579060 94.055501 -0.025445 -0.813493 0.115290 
169 0.323766 0.000000 -1.684302 97.525154 -0.169382 -25.089947 -0.014069 
170 1.510906 0.000000 -0.579060 98.278471 -0.124276 -0.096086 0.034132 
171 0.323766 0.000000 0.526182 82.344887 -0.031360 39.505475 0.165864 
172 13.382310 0.000000 -1.684302 106.866654 -0.023544 1.426630 -0.142252 
173 13.382310 0.000000 -6.105269 99.568311 -0.146257 -0.540741 0.008584 
174 18.130872 0.000000 -1.684302 99.986161 -0.043796 1.402939 0.000080 
175 13.382310 0.000000 2.736665 107.212992 -0.021710 6.714081 -0.153971 
176 6.259468 0.000000 0.526182 102.073121 0.032334 10.075061 -0.052043 
177 6.259468 0.000000 -1.684302 104.252490 -0.031821 -0.353588 -0.086871 
178 8.633748 0.000000 0.526182 107.051055 0.003900 0.894027 -0.146073 
179 6.259468 0.000000 2.736665 102.343884 -0.003805 14.853209 -0.069489 
180 2.698046 0.000000 -0.579060 107.021475 -0.103129 -3.525937 -0.146604 
181 2.698046 0.000000 -1.684302 110.572034 -0.103522 -11.461787 -0.235756 
182 3.885187 0.000000 -0.579060 108.861233 -0.130059 -7.290294 -0.190393 
183 2.698046 0.000000 0.526182 97.878221 -0.520863 27.042298 -0.031170 
184 13.382310 0.000000 7.157632 100.375917 -0.175421 2.306869 -0.008068 
185 18.130872 0.000000 7.157632 101.854835 -0.049365 0.951182 -0.037531 
186 13.382310 0.000000 11.578600 100.221603 -0.146599 0.672082 -0.004484 
187 6.259468 0.000000 4.947149 99.762638 -0.034038 2.691817 0.004017 
188 3.885187 0.000000 4.947149 99.377054 -0.068319 2.725551 0.011677 
189 8.633748 0.000000 4.947149 99.490166 -0.029170 2.794092 0.009390 
190 6.259468 0.000000 7.157632 99.735600 -0.108983 1.622824 0.005016 
191 5.072327 0.000000 1.631423 99.704809 0.025999 19.934900 -0.033845 
192 3.885187 0.000000 1.631423 100.118251 0.033594 22.800763 -0.054354 
193 5.072327 0.000000 0.526182 100.592391 0.042370 16.846734 -0.040264 
194 6.259468 0.000000 1.631423 101.050540 0.007533 16.444586 -0.048164 
195 5.072327 0.000000 2.736665 100.005674 -0.038929 7.340068 -0.005501 
196 6.259468 0.000000 -3.894786 100.923717 -0.047545 -0.846204 -0.018632 
197 6.259468 0.000000 -6.105269 100.184766 -0.026888 -0.804162 -0.003763 
198 8.633748 0.000000 -3.894786 100.170829 0.034245 -0.027586 -0.003420 
199 11.008029 0.000000 0.526182 106.787939 -0.019836 -0.189301 -0.140370 
200 11.008029 0.000000 -1.684302 108.358104 -0.060692 1.112747 -0.174272 
201 13.382310 0.000000 0.526182 104.292237 0.048273 -1.666471 -0.087965 
202 11.008029 0.000000 2.736665 108.143522 -0.062408 9.788493 -0.179084 
203 7.446608 0.000000 -0.579060 105.554563 0.015015 -0.594771 -0.114212 
204 6.259468 0.000000 -0.579060 104.429465 -0.043290 -0.946799 -0.090641 
205 7.446608 0.000000 -1.684302 105.223863 0.059833 0.872579 -0.107283 
206 8.633748 0.000000 -0.579060 106.748105 0.007852 -0.863513 -0.139590 
207 7.446608 0.000000 0.526182 104.680877 0.023128 3.224942 -0.096849 
208 11.008029 0.000000 4.947149 109.096373 -0.138150 17.234471 -0.219906 
209 13.382310 0.000000 4.947149 108.534866 -0.065690 15.180951 -0.201028 
210 11.008029 0.000000 7.157632 99.985718 -0.067267 1.957014 -0.000098 
211 9.820889 0.000000 1.631423 106.673019 -0.003076 3.741901 -0.139313 
212 8.633748 0.000000 1.631423 106.388930 0.003454 6.447364 -0.136017 
213 9.820889 0.000000 0.526182 106.808656 0.029356 0.393563 -0.140824 
214 11.008029 0.000000 1.631423 106.472155 -0.018289 3.845634 -0.135111 
215 9.820889 0.000000 2.736665 107.684056 0.128268 10.782555 -0.171214 
216 18.130872 0.000000 -23.789139 100.042239 -0.250318 -0.211889 -0.000856 
217 18.130872 0.000000 -32.631073 100.022113 -0.318201 -0.085914 -0.000453 
218 27.627995 0.000000 -23.789139 99.983434 0.116105 -0.074818 0.000329 
219 13.382310 0.000000 -10.526237 99.609766 -0.039383 -0.446986 0.007769 
220 13.382310 0.000000 -14.947204 99.898033 -0.152937 -0.445558 0.002016 
221 18.130872 0.000000 -10.526237 99.435652 0.010222 -0.607216 0.011218 
222 11.008029 0.000000 -3.894786 99.510904 -0.004906 -0.045735 0.009758 
223 11.008029 0.000000 -6.105269 99.707693 -0.026283 -0.411840 0.005821 
224 13.382310 0.000000 -3.894786 99.349326 -0.152377 -0.571420 0.012936 
225 9.820889 0.000000 -0.579060 107.715199 -0.074926 -0.971948 -0.160351 
226 9.820889 0.000000 -1.684302 108.012162 -0.034977 0.869186 -0.166738 
227 11.008029 0.000000 -0.579060 107.179654 -0.029954 -0.549766 -0.148778 
228 9.820889 0.000000 -2.789544 107.711015 -0.050262 2.533723 -0.160808 
229 8.633748 0.000000 -2.789544 107.557425 -0.036892 2.410928 -0.157441 
230 9.820889 0.000000 -3.894786 99.799262 -0.028981 -0.004156 0.004011 
231 11.008029 0.000000 -2.789544 108.384627 -0.092545 1.955289 -0.175106 
232 37.125118 0.000000 -6.105269 101.361717 -0.116808 0.165913 -0.027424 
233 37.125118 0.000000 -14.947204 100.404272 -0.103056 -0.005023 -0.008103 
234 46.622241 0.000000 -6.105269 100.546260 -0.004203 1.425270 -0.011158 
235 37.125118 0.000000 2.736665 103.932576 -0.160583 -8.085418 -0.086738 
236 22.879433 0.000000 -1.684302 97.235836 0.003627 -1.888820 0.054162 
237 22.879433 0.000000 -6.105269 98.773412 -0.026317 -2.589688 0.023711 
238 27.627995 0.000000 -1.684302 110.401110 -0.021255 -1.898612 -0.219201 
239 22.879433 0.000000 2.736665 103.317828 -0.061007 -6.697630 -0.071944 
240 15.756591 0.000000 0.526182 102.375078 0.067149 0.822058 -0.048134 
241 15.756591 0.000000 -1.684302 102.042882 0.013460 1.605341 -0.041533 
242 18.130872 0.000000 0.526182 108.002570 0.051071 0.081907 -0.166456 
243 15.756591 0.000000 2.736665 104.586250 -0.007239 5.478901 -0.096830 
244 12.195170 0.000000 -0.579060 106.984096 -0.019077 -0.475912 -0.144582 
245 12.195170 0.000000 -1.684302 107.771113 -0.057571 1.213738 -0.161609 
246 13.382310 0.000000 -0.579060 105.967973 0.000028 -0.242742 -0.122927 
247 12.195170 0.000000 0.526182 105.946002 -0.013823 -0.433293 -0.122474 
248 10.414459 0.000000 -1.131681 108.174518 -0.050653 0.888025 -0.170252 
249 9.820889 0.000000 -1.131681 108.011118 -0.025110 0.200313 -0.166644 
250 10.414459 0.000000 -1.684302 108.329758 -0.052248 1.155938 -0.173668 
251 11.008029 0.000000 -1.131681 107.830801 -0.047817 0.368089 -0.162762 
252 10.414459 0.000000 -0.579060 107.188680 -0.013667 -1.183881 -0.149081 
253 37.125118 0.000000 11.578600 100.102727 -0.085746 -0.594161 -0.002092 
254 46.622241 0.000000 11.578600 100.213087 0.009171 -0.877535 -0.004343 
255 37.125118 0.000000 20.420534 100.149164 0.060634 -0.183119 -0.002989 
256 22.879433 0.000000 7.157632 101.219286 0.094341 -1.477424 -0.024754 
257 27.627995 0.000000 7.157632 100.218229 -0.033951 -1.288380 -0.004535 
258 22.879433 0.000000 11.578600 100.602525 0.177349 -0.208641 -0.012094 
259 15.756591 0.000000 4.947149 104.629813 -0.025113 12.445138 -0.110228 
260 18.130872 0.000000 4.947149 110.512405 0.035219 -2.388084 -0.221870 
261 15.756591 0.000000 7.157632 101.257682 -0.063200 2.048892 -0.025732 
262 15.756591 0.000000 -3.894786 99.349820 -0.067340 -0.746603 0.012905 
263 15.756591 0.000000 -6.105269 99.393553 -0.044318 -0.626522 0.012053 
264 18.130872 0.000000 -3.894786 98.724674 0.030455 -0.692822 0.025296 
265 20.505152 0.000000 0.526182 107.673015 -0.026870 -0.617162 -0.159386 
266 20.505152 0.000000 -1.684302 98.133976 -0.036756 1.547529 0.036733 
267 22.879433 0.000000 0.526182 108.002358 -0.002747 1.051785 -0.166562 
268 20.505152 0.000000 2.736665 107.030879 0.029044 -5.535220 -0.148625 
269 16.943731 0.000000 -0.579060 100.635678 -0.020820 0.969086 -0.012848 
270 15.756591 0.000000 -0.579060 103.179590 0.018918 1.439210 -0.064810 
271 16.943731 0.000000 -1.684302 99.956516 -0.045350 0.835392 0.000799 
272 18.130872 0.000000 -0.579060 100.804131 -0.035069 1.351707 -0.016330 
273 16.943731 0.000000 0.526182 107.051707 0.106370 0.001143 -0.146008 
274 20.505152 0.000000 4.947149 109.807083 0.039347 -6.619278 -0.210141 
275 22.879433 0.000000 4.947149 103.742474 -0.059967 -11.934014 -0.090493 
276 20.505152 0.000000 7.157632 101.749563 0.036384 -0.456048 -0.035318 
277 16.943731 0.000000 3.841907 105.029434 -0.011881 6.444900 -0.107272 
278 15.756591 0.000000 3.841907 104.935466 -0.022338 9.875559 -0.110898 
279 16.943731 0.000000 2.736665 104.554189 -0.012738 4.833827 -0.095494 
280 18.130872 0.000000 3.841907 108.662129 0.020255 0.141584 -0.180748 
281 16.943731 0.000000 4.947149 105.235980 -0.008924 5.448653 -0.110430 
282 22.879433 0.000000 -10.526237 99.643774 0.011557 -1.163038 0.006977 
283 22.879433 0.000000 -14.947204 99.991648 0.240500 -0.602254 0.000125 
284 27.627995 0.000000 -10.526237 100.128617 0.007832 -1.303981 -0.002744 
285 20.505152 0.000000 -3.894786 97.722040 -0.022707 -1.437519 0.044834 
286 20.505152 0.000000 -6.105269 98.706921 -0.015343 -1.544859 0.025456 
287 22.879433 0.000000 -3.894786 97.260434 0.016124 -2.841340 0.053233 
288 32.376556 0.000000 -1.684302 107.926633 0.010430 -2.006526 -0.165218 
289 32.376556 0.000000 -6.105269 101.533470 -0.224444 -1.847238 -0.031251 
290 37.125118 0.000000 -1.684302 105.371942 0.056884 2.638283 -0.111021 
291 32.376556 0.000000 2.736665 103.757917 -0.078884 -7.037814 -0.081524 
292 25.253714 0.000000 0.526182 102.691022 -0.025785 -0.250233 -0.054551 
293 25.253714 0.000000 -1.684302 105.622239 -0.025266 -2.124093 -0.116057 
294 27.627995 0.000000 0.526182 105.055714 -0.033209 -1.890532 -0.104028 
295 25.253714 0.000000 2.736665 106.847484 -0.075206 -5.929650 -0.145155 
296 21.692293 0.000000 -0.579060 99.624682 -0.028804 0.413289 0.007475 
297 20.505152 0.000000 -0.579060 98.654611 -0.037715 1.541980 0.026489 
298 21.692293 0.000000 -1.684302 95.892345 -0.030700 0.256148 0.080459 
299 22.879433 0.000000 -0.579060 106.940463 0.003062 -0.887463 -0.143705 
300 21.692293 0.000000 0.526182 196.874942 -0.031535 -1.334747 -2.876153 
301 19.318012 0.000000 -0.579060 99.877596 -0.037160 2.005313 0.002044 
302 19.318012 0.000000 -1.684302 99.891477 -0.034284 1.569566 0.001923 
303 19.318012 0.000000 0.526182 107.635436 -0.033856 -0.352519 -0.158551 
304 25.253714 0.000000 -3.894786 98.983826 -0.039417 -4.932565 0.017787 
305 25.253714 0.000000 -6.105269 99.747381 0.037372 -3.472434 0.003840 
306 27.627995 0.000000 -3.894786 101.596949 -0.092909 -5.179979 -0.034878 
307 21.692293 0.000000 -2.789544 97.196083 -0.026646 -1.018197 0.055188 
308 20.505152 0.000000 -2.789544 97.343726 -0.071563 -1.319865 0.052245 
309 21.692293 0.000000 -3.894786 97.346724 0.023686 -2.064981 0.051935 
310 22.879433 0.000000 -2.789544 96.880734 0.002474 -1.538914 0.061176 
311 21.098722 0.000000 -1.131681 95.634179 -0.041025 1.332685 0.085233 
312 20.505152 0.000000 -1.131681 97.508059 -0.037977 1.458654 0.049005 
313 21.098722 0.000000 -1.684302 96.934503 -0.040694 1.183719 0.060230 
314 21.692293 0.000000 -1.131681 96.005741 -0.030929 0.669950 0.078245 
315 21.098722 0.000000 -0.579060 98.285671 -0.038030 1.178774 0.033854 
316 32.376556 0.000000 7.157632 100.219568 -0.135515 -0.776482 -0.004458 
317 37.125118 0.000000 7.157632 100.544781 0.134671 -0.873626 -0.011003 
318 32.376556 0.000000 11.578600 100.271167 -0.085006 -0.464230 -0.005453 
319 25.253714 0.000000 4.947149 107.865037 -0.089729 -9.743349 -0.172981 
320 27.627995 0.000000 4.947149 109.673116 -0.116183 -12.126879 -0.217527 
321 25.253714 0.000000 7.157632 100.504591 0.012721 -1.601926 -0.010374 
322 21.692293 0.000000 3.841907 100.596359 0.016506 -8.224376 -0.018727 
323 20.505152 0.000000 3.841907 107.507985 0.033735 -6.819540 -0.160447 
324 21.692293 0.000000 2.736665 100.771996 0.003158 -8.189485 -0.022206 
325 22.879433 0.000000 3.841907 103.385250 -0.062131 -8.647015 -0.076328 
326 21.692293 0.000000 4.947149 103.836179 -0.009740 -3.514646 -0.079430 
327 24.066573 0.000000 -0.579060 104.797229 -0.012691 -0.922499 -0.098331 
328 24.066573 0.000000 -1.684302 102.986182 -0.011715 -1.754190 -0.060923 
329 25.253714 0.000000 -0.579060 103.603528 -0.019672 -1.031966 -0.073476 
330 24.066573 0.000000 0.526182 108.106557 -0.022880 0.123704 -0.168704 
331 22.285863 0.000000 -1.131681 96.450115 -0.019941 0.054270 0.069737 
332 22.285863 0.000000 -1.684302 96.337210 0.004334 -1.818903 0.071583 
333 22.879433 0.000000 -1.131681 102.023671 -0.001570 -1.361052 -0.041068 
334 22.285863 0.000000 -0.579060 101.073934 -0.009457 -0.355114 -0.021607 
335 24.066573 0.000000 -2.789544 104.260953 -0.037956 -3.600083 -0.088331 
336 24.066573 0.000000 -3.894786 97.779361 0.024283 -3.933551 0.042372 
337 25.253714 0.000000 -2.789544 104.262315 -0.038063 -3.586496 -0.088349 
338 22.285863 0.000000 -2.236923 96.880734 0.002474 -1.538914 0.061176 
339 21.692293 0.000000 -2.236923 98.049291 -0.025013 -0.454818 0.038613 
340 22.285863 0.000000 -2.789544 96.688207 -0.038031 -0.817926 0.065072 
341 22.879433 0.000000 -2.236923 96.337400 0.004334 -1.818805 0.071580 
342 21.989078 0.000000 -1.407992 91.035268 -0.025893 0.482848 0.171235 
343 21.692293 0.000000 -1.407992 93.245841 -0.029093 0.519937 0.130494 
344 21.989078 0.000000 -1.684302 96.008098 -0.013123 -0.817100 0.078178 
345 22.285863 0.000000 -1.407992 97.525816 -0.019318 -0.026609 0.048871 
346 21.989078 0.000000 -1.131681 89.053005 -0.031617 1.138772 0.206826 
347 21.692293 0.000000 1.631423 196.874942 -0.031535 -1.334747 -2.876153 
348 20.505152 0.000000 1.631423 -8.596577 0.006272 2.781015 0.991836 
349 22.879433 0.000000 1.631423 110.757337 -0.042651 -2.160487 -0.227186 
350 24.066573 0.000000 3.841907 105.549281 -0.073762 -8.446602 -0.121200 
351 24.066573 0.000000 2.736665 105.000774 -0.066695 -6.916066 -0.107300 
352 25.253714 0.000000 3.841907 107.248647 -0.080792 -6.536617 -0.154501 
353 24.066573 0.000000 4.947149 108.447062 -0.093260 -11.960290 -0.190382 
354 22.285863 0.000000 3.289286 96.923495 -0.015939 -9.035514 0.052420 
355 21.692293 0.000000 3.289286 97.541293 0.003903 -8.735147 0.040939 
356 22.285863 0.000000 2.736665 100.184508 -0.044156 -7.341847 -0.009084 
357 22.879433 0.000000 3.289286 102.194042 -0.054453 -8.918276 -0.052316 
358 22.285863 0.000000 3.841907 100.010006 -0.030674 -9.926366 -0.010054 
359 19.318012 0.000000 3.841907 109.803275 0.034861 -4.134693 -0.207386 
360 19.318012 0.000000 2.736665 108.781035 0.025865 -2.826804 -0.184130 
361 19.318012 0.000000 4.947149 110.512405 0.035219 -2.388084 -0.221870 
362 21.098722 0.000000 3.289286 104.003453 0.028663 -7.275039 -0.086965 
363 20.505152 0.000000 3.289286 106.738026 0.032115 -6.720690 -0.143817 
364 21.098722 0.000000 2.736665 104.468915 0.024319 -5.447255 -0.094343 
365 21.098722 0.000000 3.841907 105.367780 0.030562 -7.369433 -0.115668 
366 -48.348991 0.000000 214.943096 100.000512 0.000350 0.000428 -0.000010 
367 -124.325976 0.000000 214.943096 100.000139 0.000225 0.000441 -0.000003 
368 27.627995 0.000000 214.943096 100.000864 0.000479 -0.000083 -0.000017 
369 -48.348991 0.000000 285.678573 100.000317 0.000245 0.000139 -0.000006 
370 -10.360498 0.000000 108.839881 100.002579 0.001334 0.003249 -0.000052 
371 -48.348991 0.000000 108.839881 100.000469 0.000924 0.003242 -0.000009 
372 27.627995 0.000000 108.839881 100.004855 0.001630 0.000265 -0.000097 
373 -10.360498 0.000000 144.207619 100.001673 0.000806 0.001242 -0.000033 
374 8.633748 0.000000 55.788273 100.012391 -0.040514 0.011661 -0.000248 
375 -10.360498 0.000000 55.788273 99.987086 -0.051906 0.007194 0.000258 
376 27.627995 0.000000 55.788273 100.017620 -0.066728 -0.005613 -0.000353 
377 8.633748 0.000000 73.472142 99.997614 0.048598 0.002569 0.000047 
378 18.130872 0.000000 29.262469 100.039884 0.214309 0.075348 -0.000803 
379 8.633748 0.000000 29.262469 100.041239 0.259208 0.142407 -0.000834 
380 27.627995 0.000000 29.262469 100.181082 0.267767 0.019224 -0.003632 
381 18.130872 0.000000 38.104404 100.106664 0.164221 0.051700 -0.002137 
382 22.879433 0.000000 15.999567 100.277248 -0.241888 0.051500 -0.005559 
383 18.130872 0.000000 15.999567 100.374583 -0.246054 0.265122 -0.007519 
384 27.627995 0.000000 15.999567 100.381621 -0.327288 -0.241310 -0.007664 
385 22.879433 0.000000 20.420534 100.301691 0.026506 0.070049 -0.006043 
386 20.505152 0.000000 9.368116 101.032066 0.107539 -0.088140 -0.020750 
387 18.130872 0.000000 9.368116 101.026562 0.018642 0.627582 -0.020676 
388 22.879433 0.000000 9.368116 100.836878 0.008088 -0.501509 -0.016833 
389 20.505152 0.000000 11.578600 100.715034 0.071727 0.184954 -0.014356 
390 21.692293 0.000000 6.052391 102.243200 0.045783 -1.895265 -0.045727 
391 20.505152 0.000000 6.052391 102.531432 0.067166 -0.897277 -0.051350 
392 22.879433 0.000000 6.052391 101.594175 0.005080 -2.621093 -0.032825 
393 21.692293 0.000000 7.157632 101.605476 0.015663 -1.047405 -0.032477 
394 22.285863 0.000000 4.394528 103.742474 -0.059967 -11.934014 -0.090493 
395 21.692293 0.000000 4.394528 103.783950 0.028083 -8.325439 -0.084042 
396 22.879433 0.000000 4.394528 103.168216 -0.060471 -9.989301 -0.074347 
397 22.285863 0.000000 4.947149 103.155334 -0.002600 -4.916101 -0.066519 
398 21.989078 0.000000 3.565597 93.730699 0.000800 -9.152199 0.113079 
399 21.692293 0.000000 3.565597 97.556775 0.004013 -8.735341 0.040637 
400 21.989078 0.000000 3.289286 96.427327 -0.003710 -8.662896 0.062672 
401 22.285863 0.000000 3.565597 96.685149 -0.013817 -8.937487 0.057210 
402 21.989078 0.000000 3.841907 96.455589 -0.005495 -9.278916 0.061022 
403 30.002275 0.000000 0.526182 117.804890 -0.041129 -1.974046 -0.388189 
404 30.002275 0.000000 -1.684302 110.288439 -0.016004 -2.342665 -0.216903 
405 32.376556 0.000000 0.526182 106.804773 -0.028395 -2.533777 -0.141368 
406 30.002275 0.000000 2.736665 106.938976 -0.106735 -6.471591 -0.147784 
407 255.558951 0.000000 -67.998812 99.999190 -0.001550 -0.003691 0.000016 
408 255.558951 0.000000 -138.734289 99.999497 -0.000805 -0.000825 0.000010 
409 331.535936 0.000000 -67.998812 99.999633 -0.001603 -0.003768 0.000007 
410 255.558951 0.000000 2.736665 99.999132 -0.031824 -0.068400 0.000017 
411 141.593473 0.000000 -32.631073 99.993275 -0.001441 -0.010293 0.000134 
412 141.593473 0.000000 -67.998812 99.996245 -0.001179 -0.001583 0.000075 
413 179.581965 0.000000 -32.631073 99.997026 -0.001755 -0.011407 0.000059 
414 141.593473 0.000000 2.736665 99.991819 -0.046497 -0.062680 0.000163 
415 84.610734 0.000000 -14.947204 99.920724 -0.061845 0.008285 0.001585 
416 84.610734 0.000000 -32.631073 99.975452 -0.000310 0.026850 0.000491 
417 103.604980 0.000000 -14.947204 99.974937 -0.000772 0.006279 0.000501 
418 84.610734 0.000000 2.736665 99.905813 -0.064040 -0.099600 0.001881 
419 56.119364 0.000000 -6.105269 97.847035 -0.112906 1.798194 0.042271 
420 56.119364 0.000000 -14.947204 99.735235 -0.074649 0.582192 0.005254 
421 65.616487 0.000000 -6.105269 99.352020 0.070541 0.056738 0.012917 
422 56.119364 0.000000 2.736665 98.056498 -0.088823 -1.631841 0.038225 
423 41.873679 0.000000 -1.684302 109.274904 0.001485 3.845277 -0.195579 
424 41.873679 0.000000 -6.105269 100.958636 -0.119104 1.372496 -0.019454 
425 46.622241 0.000000 -1.684302 104.218464 -0.060026 1.594046 -0.086403 
426 41.873679 0.000000 2.736665 101.294336 0.248350 -5.154680 -0.028717 
427 34.750837 0.000000 0.526182 100.865686 -0.146529 -1.587422 -0.017643 
428 34.750837 0.000000 -1.684302 103.269330 -0.083848 1.804903 -0.066782 
429 37.125118 0.000000 0.526182 104.812535 -0.135682 -4.317595 -0.100433 
430 34.750837 0.000000 2.736665 101.352029 -0.192372 -7.589343 -0.032987 
431 103.604980 0.000000 -209.469766 99.999894 -0.000350 0.000077 0.000002 
432 103.604980 0.000000 -280.205243 99.999933 -0.000270 -0.000026 0.000001 
433 179.581965 0.000000 -209.469766 99.999714 -0.000454 -0.000088 0.000006 
434 65.616487 0.000000 -103.366550 100.008685 -0.004743 0.004772 -0.000174 
435 65.616487 0.000000 -138.734289 100.000335 -0.000279 0.000666 -0.000007 
436 103.604980 0.000000 -103.366550 99.998583 -0.000547 0.001488 0.000028 
437 46.622241 0.000000 -50.314943 100.031895 0.050710 0.012174 -0.000638 
438 46.622241 0.000000 -67.998812 100.013504 -0.007526 0.001956 -0.000270 
439 65.616487 0.000000 -50.314943 100.009894 0.010538 0.026192 -0.000198 
440 37.125118 0.000000 -23.789139 100.200077 -0.066419 -0.013541 -0.004006 
441 37.125118 0.000000 -32.631073 100.068176 -0.174574 0.003686 -0.001367 
442 46.622241 0.000000 -23.789139 100.111195 -0.029310 0.121201 -0.002227 
443 32.376556 0.000000 -10.526237 100.636777 -0.256632 -0.657101 -0.012826 
444 32.376556 0.000000 -14.947204 100.392590 -0.013704 -0.391436 -0.007883 
445 37.125118 0.000000 -10.526237 100.726957 -0.045704 -0.003104 -0.014592 
446 34.750837 0.000000 -3.894786 103.221277 -0.207508 -0.996432 -0.065567 
447 32.376556 0.000000 -3.894786 102.793745 -0.230176 -3.528112 -0.057905 
448 34.750837 0.000000 -6.105269 101.654628 -0.218160 -0.739557 -0.033426 
449 37.125118 0.000000 -3.894786 102.007297 -0.243596 0.804477 -0.040620 
450 33.563697 0.000000 -0.579060 103.768752 -0.088756 -0.044213 -0.076796 
451 32.376556 0.000000 -0.579060 111.575982 0.003168 -1.675756 -0.245201 
452 33.563697 0.000000 -1.684302 103.895958 -0.076287 -0.093362 -0.079438 
453 34.750837 0.000000 -0.579060 103.012183 -0.088166 1.627995 -0.061417 
454 33.563697 0.000000 0.526182 97.510060 -0.079575 -0.982176 0.049082 
455 255.558951 0.000000 73.472142 99.999533 0.001724 -0.005290 0.000009 
456 331.535936 0.000000 73.472142 99.999767 0.001686 -0.004947 0.000005 
457 255.558951 0.000000 144.207619 99.999918 0.000915 -0.001634 0.000002 
458 141.593473 0.000000 38.104404 99.995736 0.003123 -0.024417 0.000085 
459 179.581965 0.000000 38.104404 99.997898 0.002792 -0.021707 0.000042 
460 141.593473 0.000000 73.472142 99.998985 0.002067 -0.008480 0.000020 
461 84.610734 0.000000 20.420534 99.964414 0.047482 -0.158722 0.000709 
462 103.604980 0.000000 20.420534 99.971877 -0.048046 -0.091223 0.000561 
463 84.610734 0.000000 38.104404 99.979923 0.004597 -0.049678 0.000401 
464 56.119364 0.000000 11.578600 99.872269 0.045153 -0.982507 0.002456 
465 65.616487 0.000000 11.578600 99.752177 -0.000102 -0.577102 0.004917 
466 56.119364 0.000000 20.420534 99.992012 -0.064779 -0.359160 0.000146 
467 41.873679 0.000000 7.157632 100.542588 0.092097 -1.348234 -0.011064 
468 46.622241 0.000000 7.157632 100.121363 0.075503 -1.407051 -0.002627 
469 41.873679 0.000000 11.578600 100.297767 -0.083243 -0.689001 -0.006012 
470 34.750837 0.000000 4.947149 100.555239 0.025982 -1.264114 -0.011295 
471 32.376556 0.000000 4.947149 100.135051 -0.137014 -1.197603 -0.002848 
472 37.125118 0.000000 4.947149 100.776719 0.177832 -1.469192 -0.015814 
473 34.750837 0.000000 7.157632 100.415390 -0.109300 -0.900701 -0.008407 
474 33.563697 0.000000 1.631423 100.700701 -0.099152 -5.316444 -0.016891 
475 32.376556 0.000000 1.631423 105.940605 -0.062283 -5.055809 -0.124898 
476 34.750837 0.000000 1.631423 101.347820 -0.170617 -5.635233 -0.030317 
477 33.563697 0.000000 2.736665 101.229795 -0.107206 -6.820025 -0.029400 
478 39.499399 0.000000 0.526182 106.133821 -0.056773 -4.485062 -0.128451 
479 39.499399 0.000000 -1.684302 107.273835 0.097975 1.651727 -0.151041 
480 41.873679 0.000000 0.526182 106.076792 -0.066785 -10.636505 -0.136543 
481 39.499399 0.000000 2.736665 101.448809 -0.072533 -3.155186 -0.030182 
482 35.937977 0.000000 -0.579060 104.295216 0.013196 2.783861 -0.088524 
483 35.937977 0.000000 -1.684302 104.299878 0.012397 2.780873 -0.088620 
484 37.125118 0.000000 -0.579060 104.791041 0.064166 2.802413 -0.098902 
485 35.937977 0.000000 0.526182 104.059225 -0.126483 -4.172260 -0.084575 
486 35.937977 0.000000 1.631423 103.188967 -0.172918 -5.957920 -0.068349 
487 37.125118 0.000000 1.631423 104.551392 -0.156396 -6.588129 -0.097442 
488 35.937977 0.000000 2.736665 103.164538 -0.196137 -7.943169 -0.070605 
489 41.873679 0.000000 -10.526237 100.411274 -0.029645 0.447976 -0.008263 
490 41.873679 0.000000 -14.947204 100.209178 -0.010429 0.147210 -0.004190 
491 46.622241 0.000000 -10.526237 99.944928 -0.105752 0.715132 0.001049 
492 39.499399 0.000000 -3.894786 101.687538 -0.158089 1.577865 -0.034287 
493 39.499399 0.000000 -6.105269 101.108246 -0.123624 0.731879 -0.022343 
494 41.873679 0.000000 -3.894786 102.157810 -0.165007 3.027506 -0.044541 
495 38.312258 0.000000 -0.579060 106.949522 0.098782 2.081891 -0.144254 
496 38.312258 0.000000 -1.684302 106.914710 0.072266 2.259287 -0.143586 
497 39.499399 0.000000 -0.579060 109.523317 0.143639 1.062042 -0.199651 
498 38.312258 0.000000 0.526182 105.582720 -0.102017 -3.605317 -0.116072 
499 39.499399 0.000000 4.947149 100.894850 0.252835 -1.773949 -0.018298 
500 41.873679 0.000000 4.947149 100.645169 0.209308 -2.219919 -0.013442 
501 39.499399 0.000000 7.157632 100.573678 0.028867 -1.098066 -0.011627 
502 38.312258 0.000000 1.631423 105.923339 -0.118099 -6.624057 -0.126365 
503 39.499399 0.000000 1.631423 107.093833 -0.058384 -6.792147 -0.151523 
504 38.312258 0.000000 2.736665 105.214506 -0.185359 -8.236903 -0.113797 
505 51.370803 0.000000 -1.684302 103.203369 0.052740 -2.565534 -0.065752 
506 51.370803 0.000000 -6.105269 99.996974 0.115491 4.166521 -0.001677 
507 56.119364 0.000000 -1.684302 95.866133 -0.121367 -0.241156 0.080961 
508 51.370803 0.000000 2.736665 100.017780 -0.031979 -3.299341 -0.001444 
509 44.247960 0.000000 0.526182 102.590507 -0.048186 -21.685905 -0.099509 
510 44.247960 0.000000 -1.684302 110.286268 -0.015094 11.831553 -0.230305 
511 46.622241 0.000000 0.526182 102.439932 -0.077195 -4.459385 -0.051383 
512 44.247960 0.000000 2.736665 98.999902 0.019048 -5.878735 0.016446 
513 40.686539 0.000000 -0.579060 110.007113 0.016635 0.973667 -0.210251 
514 40.686539 0.000000 -1.684302 107.740772 -0.003942 0.555509 -0.160838 
515 41.873679 0.000000 -0.579060 108.959791 0.003024 3.242728 -0.188275 
516 40.686539 0.000000 0.526182 103.527506 -0.089989 -5.480703 -0.074799 
517 40.686539 0.000000 1.631423 107.355820 -0.113425 -8.150143 -0.159171 
518 41.873679 0.000000 1.631423 106.706517 -0.104854 -13.914935 -0.157992 
519 40.686539 0.000000 2.736665 101.588259 0.036642 -3.991867 -0.033611 
520 44.247960 0.000000 -3.894786 100.607946 -0.055944 4.637074 -0.014346 
521 44.247960 0.000000 -6.105269 100.447911 -0.210560 2.079254 -0.009415 
522 46.622241 0.000000 -3.894786 105.212605 0.007259 4.678661 -0.109158 
523 43.060820 0.000000 -0.579060 108.761524 -0.043827 0.978019 -0.183003 
524 43.060820 0.000000 -1.684302 109.148682 -0.055742 7.815116 -0.197451 
525 44.247960 0.000000 -0.579060 108.066199 -0.022450 0.312150 -0.167840 
526 43.060820 0.000000 0.526182 104.558125 -0.073648 -18.519559 -0.127538 
527 51.370803 0.000000 7.157632 99.505000 0.025841 -1.766457 0.009563 
528 56.119364 0.000000 7.157632 99.503381 -0.172064 -1.534539 0.009669 
529 51.370803 0.000000 11.578600 100.106561 -0.024613 -1.135382 -0.002261 
530 44.247960 0.000000 4.947149 100.088960 0.078493 -2.337228 -0.002327 
531 46.622241 0.000000 4.947149 99.444590 0.018552 -2.280188 0.010557 
532 44.247960 0.000000 7.157632 100.321262 -0.010494 -1.381502 -0.006626 
533 43.060820 0.000000 1.631423 104.564801 -0.094686 -21.164081 -0.138172 
534 44.247960 0.000000 1.631423 101.576042 -0.073610 -32.390497 -0.136684 
535 43.060820 0.000000 2.736665 100.434843 -0.026590 -5.810186 -0.012092 
536 48.996522 0.000000 0.526182 99.702068 0.050644 -0.887744 0.005871 
537 48.996522 0.000000 -1.684302 103.667308 -0.004189 2.269718 -0.075206 
538 51.370803 0.000000 0.526182 99.963172 -0.001182 -5.104242 -0.001869 
539 48.996522 0.000000 2.736665 100.567996 -0.002340 -1.805547 -0.011718 
540 45.435101 0.000000 -0.579060 105.193494 -0.059404 -1.047442 -0.106677 
541 45.435101 0.000000 -1.684302 105.344581 -0.053922 3.089186 -0.110703 
542 46.622241 0.000000 -0.579060 103.257276 -0.074049 -1.960277 -0.066591 
543 45.435101 0.000000 0.526182 102.042670 -0.067438 -11.036841 -0.053452 
544 -200.302961 0.000000 -209.469766 99.999820 -0.000048 -0.000163 0.000004 
545 -276.279947 0.000000 -209.469766 99.999854 -0.000035 -0.000074 0.000003 
546 -200.302961 0.000000 -280.205243 99.999902 -0.000069 -0.000103 0.000002 
547 255.558951 0.000000 -209.469766 99.999729 -0.000515 -0.000287 0.000005 
548 255.558951 0.000000 -280.205243 99.999849 -0.000369 -0.000139 0.000003 
549 331.535936 0.000000 -209.469766 99.999800 -0.000550 -0.000397 0.000004 
550 -200.302961 0.000000 214.943096 99.999991 0.000141 0.000296 0.000000 
551 -276.279947 0.000000 214.943096 99.999959 0.000091 0.000183 0.000001 
552 -200.302961 0.000000 285.678573 100.000061 0.000126 0.000182 -0.000001 
553 -86.337483 0.000000 -103.366550 99.999045 0.000220 -0.001569 0.000019 
554 -124.325976 0.000000 -103.366550 99.999124 0.000112 -0.000827 0.000018 
555 -86.337483 0.000000 -138.734289 99.999626 0.000044 -0.000958 0.000007 
556 103.604980 0.000000 214.943096 100.000684 0.000556 -0.000719 -0.000014 
557 179.581965 0.000000 214.943096 100.000297 0.000581 -0.000890 -0.000006 
558 103.604980 0.000000 285.678573 100.000378 0.000365 -0.000311 -0.000008 
559 141.593473 0.000000 -103.366550 99.998304 -0.000818 0.000031 0.000034 
560 141.593473 0.000000 -138.734289 99.999222 -0.000616 0.000155 0.000016 
561 179.581965 0.000000 -103.366550 99.998658 -0.000956 -0.000936 0.000027 
562 -86.337483 0.000000 108.839881 99.999488 0.000583 0.002045 0.000010 
563 -124.325976 0.000000 108.839881 99.999409 0.000363 0.001202 0.000012 
564 -86.337483 0.000000 144.207619 100.000086 0.000436 0.001282 -0.000002 
565 -29.354744 0.000000 -50.314943 99.989046 0.035224 -0.016350 0.000219 
566 -48.348991 0.000000 -50.314943 99.997639 0.041619 -0.016318 0.000047 
567 -29.354744 0.000000 -67.998812 100.005060 0.032146 -0.015737 -0.000101 
568 65.616487 0.000000 108.839881 100.003945 0.001650 -0.003692 -0.000079 
569 103.604980 0.000000 108.839881 100.001733 0.001531 -0.004962 -0.000035 
570 65.616487 0.000000 144.207619 100.002182 0.001026 -0.001499 -0.000044 
571 84.610734 0.000000 -50.314943 100.008023 -0.007423 0.028456 -0.000161 
572 84.610734 0.000000 -67.998812 100.011840 -0.024896 0.018438 -0.000237 
573 103.604980 0.000000 -50.314943 100.001570 -0.032288 0.018850 -0.000032 
574 -29.354744 0.000000 55.788273 99.992555 -0.039804 0.010280 0.000149 
575 -48.348991 0.000000 55.788273 99.990272 0.034719 0.003763 0.000194 
576 -29.354744 0.000000 73.472142 99.994123 0.024022 0.004938 0.000117 
577 -19.857621 0.000000 -23.789139 99.936311 0.071116 -0.053438 0.001273 
578 -29.354744 0.000000 -23.789139 99.959797 0.059993 -0.031821 0.000803 
579 -19.857621 0.000000 -32.631073 100.003602 -0.001396 -0.074677 -0.000073 
580 46.622241 0.000000 55.788273 100.013279 -0.036006 -0.026307 -0.000266 
581 65.616487 0.000000 55.788273 99.998649 0.001889 -0.032362 0.000027 
582 46.622241 0.000000 73.472142 100.007702 -0.005312 -0.011803 -0.000154 
583 -0.863375 0.000000 29.262469 99.982903 0.217461 0.116117 0.000336 
584 -10.360498 0.000000 29.262469 99.999723 0.099356 0.114029 0.000003 
585 -0.863375 0.000000 38.104404 100.060779 0.067685 0.083430 -0.001217 
586 -5.611936 0.000000 -10.526237 99.615910 -0.312671 -0.155708 0.007655 
587 -10.360498 0.000000 -10.526237 99.818677 -0.143130 -0.288607 0.003613 
588 -5.611936 0.000000 -14.947204 99.893001 -0.303802 -0.280089 0.002122 
589 56.119364 0.000000 -23.789139 99.956516 0.106659 0.174220 0.000865 
590 56.119364 0.000000 -32.631073 99.971755 -0.341041 0.050637 0.000553 
591 65.616487 0.000000 -23.789139 99.898939 -0.232463 0.109663 0.002014 
592 -19.857621 0.000000 29.262469 99.981423 0.064735 0.060444 0.000371 
593 -29.354744 0.000000 29.262469 99.972844 0.068877 0.027249 0.000543 
594 -19.857621 0.000000 38.104404 99.984339 0.063370 0.031637 0.000313 
595 -3.237656 0.000000 -3.894786 98.970153 -0.026964 -0.650895 0.020448 
596 -5.611936 0.000000 -3.894786 99.276566 -0.044991 -0.219895 0.014411 
597 -3.237656 0.000000 -6.105269 99.378876 -0.031481 -0.561453 0.012352 
598 37.125118 0.000000 29.262469 100.278875 0.020025 -0.125969 -0.005587 
599 46.622241 0.000000 29.262469 100.145017 -0.006429 -0.193233 -0.002906 
600 37.125118 0.000000 38.104404 100.091859 0.128451 -0.036853 -0.001840 
601 13.382310 0.000000 15.999567 100.197024 -0.068125 0.440124 -0.003964 
602 8.633748 0.000000 15.999567 100.073741 -0.071982 0.475345 -0.001498 
603 13.382310 0.000000 20.420534 100.197773 0.085006 0.287978 -0.003968 
604 1.510906 0.000000 4.947149 98.878184 -0.073266 2.098841 0.021869 
605 -0.863375 0.000000 4.947149 98.856401 -0.004993 1.247978 0.022585 
606 1.510906 0.000000 7.157632 99.405824 -0.033376 1.298372 0.011680 
607 2.698046 0.000000 1.631423 97.162240 0.065131 30.226760 -0.035416 
608 1.510906 0.000000 1.631423 94.872076 -0.083506 7.804886 0.093837 
609 2.698046 0.000000 2.736665 97.778600 -0.069495 6.044274 0.040281 
610 0.323766 0.000000 1.631423 95.257459 -0.089241 4.073620 0.090941 
611 -0.863375 0.000000 1.631423 96.589937 -0.010875 1.805328 0.066712 
612 0.323766 0.000000 2.736665 97.263056 -0.084551 2.901484 0.053147 
613 -3.237656 0.000000 4.947149 99.106500 -0.007878 0.655393 0.017747 
614 -5.611936 0.000000 4.947149 99.348943 0.019254 0.427750 0.012960 
615 -3.237656 0.000000 7.157632 99.407127 0.043935 0.580559 0.011788 
616 5.072327 0.000000 -0.579060 106.259319 -0.083024 -2.941866 -0.129970 
617 5.072327 0.000000 -1.684302 106.147820 -0.056711 -2.130487 -0.127190 
618 7.446608 0.000000 1.631423 104.225358 0.009303 9.182004 -0.094723 
619 7.446608 0.000000 2.736665 104.322671 -0.027458 13.772402 -0.107290 
620 15.756591 0.000000 9.368116 100.795365 -0.077670 1.090028 -0.016090 
621 13.382310 0.000000 9.368116 100.440649 -0.088554 1.284478 -0.008998 
622 15.756591 0.000000 11.578600 100.439382 -0.098112 0.609196 -0.008845 
623 11.008029 0.000000 9.368116 100.087217 -0.112791 1.245861 -0.001902 
624 8.633748 0.000000 9.368116 99.923429 -0.012030 1.148044 0.001399 
625 11.008029 0.000000 11.578600 100.125436 -0.120684 0.830928 -0.002581 
626 7.446608 0.000000 -2.789544 104.586974 0.010892 1.126648 -0.093970 
627 6.259468 0.000000 -2.789544 102.025380 -0.009761 -0.585298 -0.040952 
628 7.446608 0.000000 -3.894786 100.640926 -0.028940 -0.318587 -0.012870 
629 5.072327 0.000000 -2.789544 102.096056 0.012224 -2.294546 -0.042887 
630 3.885187 0.000000 -2.789544 101.538136 -0.030892 -3.398126 -0.032154 
631 5.072327 0.000000 -3.894786 100.951112 0.013664 -1.670219 -0.019392 
632 12.195170 0.000000 1.631423 106.384868 -0.002222 2.470766 -0.132384 
633 13.382310 0.000000 1.631423 104.948867 0.119624 1.607715 -0.101686 
634 12.195170 0.000000 2.736665 108.037065 -0.048989 8.895241 -0.175114 
635 12.195170 0.000000 -2.789544 107.906789 -0.116002 2.938825 -0.165253 
636 12.195170 0.000000 -3.894786 99.425169 -0.138676 -0.460695 0.011440 
637 13.382310 0.000000 -2.789544 105.463598 -0.046267 3.036951 -0.113180 
638 14.569450 0.000000 -0.579060 103.886117 0.028016 -0.035861 -0.079233 
639 14.569450 0.000000 -1.684302 105.001802 0.003604 1.398469 -0.102733 
640 14.569450 0.000000 0.526182 104.348070 0.062659 -1.721837 -0.089149 
641 16.943731 0.000000 1.631423 106.915214 0.141999 -0.044938 -0.143089 
642 15.756591 0.000000 1.631423 101.932587 0.054925 0.660776 -0.039069 
643 18.130872 0.000000 1.631423 108.202453 0.000418 0.167652 -0.170780 
644 14.569450 0.000000 1.631423 104.556717 0.041631 1.541856 -0.093449 
645 14.569450 0.000000 2.736665 105.898190 -0.012177 7.145693 -0.126549 
646 32.376556 0.000000 15.999567 100.205760 -0.064269 -0.206985 -0.004124 
647 37.125118 0.000000 15.999567 100.229495 -0.059771 -0.288308 -0.004604 
648 32.376556 0.000000 20.420534 100.142663 0.115220 -0.121507 -0.002858 
649 25.253714 0.000000 9.368116 100.537716 0.104739 -0.701412 -0.010834 
650 27.627995 0.000000 9.368116 100.360410 0.145363 -0.680991 -0.007270 
651 25.253714 0.000000 11.578600 100.482687 0.138689 -0.318711 -0.009689 
652 14.569450 0.000000 3.841907 106.530492 -0.034919 10.537860 -0.145979 
653 13.382310 0.000000 3.841907 108.110998 -0.048448 10.116423 -0.179033 
654 14.569450 0.000000 4.947149 108.534866 -0.065690 15.180951 -0.201028 
655 14.569450 0.000000 -2.789544 105.451239 -0.046258 3.039248 -0.112920 
656 14.569450 0.000000 -3.894786 99.354100 -0.001399 -0.763538 0.012818 
657 15.756591 0.000000 -2.789544 101.706924 -0.049324 1.402276 -0.034627 
658 19.318012 0.000000 1.631423 107.568383 -0.048714 0.201394 -0.157100 
659 19.318012 0.000000 6.052391 102.555103 0.064015 0.043187 -0.051756 
660 18.130872 0.000000 6.052391 102.625896 -0.038145 1.160029 -0.053342 
661 19.318012 0.000000 7.157632 101.847416 0.060126 0.173427 -0.037293 
662 19.318012 0.000000 -2.789544 97.826752 0.057935 -0.764523 0.042934 
663 18.130872 0.000000 -2.789544 98.617364 0.032310 -0.300357 0.027452 
664 19.318012 0.000000 -3.894786 98.193751 0.057081 -0.989685 0.035700 
665 30.002275 0.000000 -3.894786 102.062087 -0.074811 -4.311491 -0.043526 
666 30.002275 0.000000 -6.105269 101.451461 -0.051316 -2.562471 -0.029897 
667 24.066573 0.000000 1.631423 107.030163 -0.042992 -1.149578 -0.145678 
668 25.253714 0.000000 1.631423 103.601730 -0.048811 -1.788923 -0.073652 
669 21.098722 0.000000 -2.236923 97.703482 -0.009668 -1.361227 0.045218 
670 20.505152 0.000000 -2.236923 100.099583 -0.029953 1.423906 -0.002195 
671 21.098722 0.000000 -2.789544 97.340923 -0.008625 -1.307430 0.052304 
672 30.002275 0.000000 4.947149 99.696042 -0.028691 -1.948677 0.005690 
673 30.002275 0.000000 7.157632 100.134233 -0.038864 -1.001114 -0.002787 
674 30.002275 0.000000 9.368116 100.217782 0.044141 -0.522450 -0.004388 
675 32.376556 0.000000 9.368116 100.116967 -0.051037 -0.594089 -0.002376 
676 30.002275 0.000000 11.578600 100.166639 -0.130995 -0.325584 -0.003348 
677 24.066573 0.000000 6.052391 100.798614 0.035288 -2.801284 -0.016821 
678 25.253714 0.000000 6.052391 100.311040 -0.034531 -2.514330 -0.006863 
679 24.066573 0.000000 7.157632 100.854930 -0.033853 -1.638088 -0.017440 
680 21.098722 0.000000 4.394528 106.179060 0.032562 -7.646981 -0.133247 
681 20.505152 0.000000 4.394528 109.807083 0.039347 -6.619278 -0.210141 
682 21.098722 0.000000 4.947149 103.899832 0.022112 -2.261938 -0.080029 
683 51.370803 0.000000 -10.526237 99.646206 -0.224867 1.362832 0.006873 
684 51.370803 0.000000 -14.947204 99.966950 -0.142140 0.683610 0.000612 
685 56.119364 0.000000 -10.526237 99.199581 0.032021 1.091407 0.015825 
686 48.996522 0.000000 -3.894786 101.752622 0.035375 1.883470 -0.035714 
687 48.996522 0.000000 -6.105269 100.991365 0.142682 1.868509 -0.020277 
688 51.370803 0.000000 -3.894786 101.745493 0.039714 6.740979 -0.039759 
689 45.435101 0.000000 1.631423 96.169104 -0.093020 -6.927647 0.070350 
690 46.622241 0.000000 1.631423 96.922783 -0.020926 -3.323497 0.059493 
691 45.435101 0.000000 2.736665 98.346885 -0.014409 -4.531480 0.030736 
692 48.996522 0.000000 4.947149 99.359568 0.001357 -2.262457 0.012256 
693 51.370803 0.000000 4.947149 99.491624 -0.036898 -2.244452 0.009638 
694 48.996522 0.000000 7.157632 99.793870 -0.012911 -1.683596 0.003835 
695 255.558951 0.000000 214.943096 100.000084 0.000588 -0.000805 -0.000002 
696 331.535936 0.000000 214.943096 100.000008 0.000592 -0.000701 -0.000000 
697 255.558951 0.000000 285.678573 100.000120 0.000416 -0.000448 -0.000002 
698 141.593473 0.000000 108.839881 100.000254 0.001390 -0.004243 -0.000005 
699 179.581965 0.000000 108.839881 99.999801 0.001295 -0.003465 0.000004 
700 141.593473 0.000000 144.207619 100.000575 0.000985 -0.002344 -0.000012 
701 84.610734 0.000000 55.788273 99.984644 -0.045741 -0.013976 0.000307 
702 103.604980 0.000000 55.788273 99.986410 -0.023938 -0.006702 0.000272 
703 84.610734 0.000000 73.472142 99.993375 -0.007330 -0.006815 0.000132 
704 3.885187 0.000000 15.999567 99.996623 0.002636 0.471078 0.000045 
705 -0.863375 0.000000 15.999567 99.836343 0.058590 0.318278 0.003260 
706 3.885187 0.000000 20.420534 99.848301 0.230215 0.217017 0.003022 
707 -5.611936 0.000000 15.999567 99.793104 0.086511 0.201200 0.004129 
708 -10.360498 0.000000 15.999567 99.872721 0.159585 0.163591 0.002539 
709 -5.611936 0.000000 20.420534 99.939525 0.161381 0.183082 0.001203 
710 56.119364 0.000000 29.262469 100.113643 0.071985 -0.216186 -0.002279 
711 65.616487 0.000000 29.262469 100.021060 0.156938 -0.175468 -0.000427 
712 56.119364 0.000000 38.104404 100.066695 0.142214 -0.112496 -0.001338 
713 6.259468 0.000000 9.368116 99.842483 -0.024227 1.154867 0.003014 
714 3.885187 0.000000 9.368116 99.722470 -0.028258 1.011624 0.005440 
715 6.259468 0.000000 11.578600 99.909368 -0.063499 0.810483 0.001746 
716 1.510906 0.000000 9.368116 99.666899 0.004748 0.940768 0.006562 
717 -0.863375 0.000000 9.368116 99.604832 0.007625 0.683465 0.007841 
718 1.510906 0.000000 11.578600 99.808412 0.006721 0.696859 0.003780 
719 -3.237656 0.000000 9.368116 99.601977 0.031971 0.489409 0.007921 
720 -5.611936 0.000000 9.368116 99.562248 -0.041451 0.295144 0.008727 
721 -3.237656 0.000000 11.578600 99.594355 0.004323 0.289962 0.008088 
722 2.698046 0.000000 -2.789544 100.411611 -0.093873 -4.597812 -0.010364 
723 1.510906 0.000000 -2.789544 98.934040 -0.100725 -4.939857 0.018764 
724 2.698046 0.000000 -3.894786 100.048276 -0.090037 -2.800798 -0.001751 
725 0.323766 0.000000 -2.789544 97.808536 -0.049603 -3.589103 0.042061 
726 -0.863375 0.000000 -2.789544 97.798572 -0.028604 -2.027695 0.043133 
727 0.323766 0.000000 -3.894786 98.820905 -0.067504 -2.313422 0.022907 
728 12.195170 0.000000 3.841907 108.612904 -0.078960 10.946554 -0.191660 
729 11.008029 0.000000 3.841907 108.848932 -0.091949 10.634082 -0.196118 
730 12.195170 0.000000 4.947149 109.096373 -0.138150 17.234471 -0.219906 
731 41.873679 0.000000 15.999567 100.352784 0.017236 -0.364743 -0.007081 
732 46.622241 0.000000 15.999567 100.379755 0.101527 -0.625082 -0.007650 
733 41.873679 0.000000 20.420534 100.112830 -0.080696 -0.245674 -0.002265 
734 16.943731 0.000000 6.052391 102.402748 -0.061679 2.342326 -0.049181 
735 15.756591 0.000000 6.052391 101.690620 -0.010946 3.215533 -0.035132 
736 16.943731 0.000000 7.157632 101.623729 -0.024038 1.574943 -0.032986 
737 14.569450 0.000000 6.052391 100.877789 -0.246692 3.561657 -0.018907 
738 13.382310 0.000000 6.052391 100.268884 -0.155115 3.347641 -0.006508 
739 14.569450 0.000000 7.157632 100.807965 -0.210216 2.298052 -0.016757 
740 16.943731 0.000000 -2.789544 99.424310 -0.050780 -0.484972 0.011457 
741 16.943731 0.000000 -3.894786 99.176253 -0.059575 -0.617551 0.016369 
742 34.750837 0.000000 9.368116 100.293600 -0.036257 -0.757218 -0.005938 
743 37.125118 0.000000 9.368116 100.371500 0.088211 -0.614378 -0.007482 
744 34.750837 0.000000 11.578600 100.160633 0.006967 -0.529846 -0.003243 
745 51.370803 0.000000 15.999567 100.268163 -0.004920 -0.645420 -0.005412 
746 56.119364 0.000000 15.999567 99.964068 0.006610 -0.589589 0.000684 
747 51.370803 0.000000 20.420534 100.027947 -0.123855 -0.361524 -0.000574 
748 39.499399 0.000000 9.368116 100.435063 0.003576 -0.794439 -0.008783 
749 41.873679 0.000000 9.368116 100.410346 0.010749 -0.926031 -0.008310 
750 39.499399 0.000000 11.578600 100.214140 -0.018995 -0.644062 -0.004329 
751 9.820889 0.000000 3.841907 107.881055 -0.098374 15.007491 -0.186356 
752 8.633748 0.000000 3.841907 106.988059 -0.058721 12.393769 -0.160005 
753 9.820889 0.000000 4.947149 99.465361 -0.038790 3.276417 0.009591 
754 12.195170 0.000000 6.052391 99.930781 -0.065397 2.999545 0.000484 
755 11.008029 0.000000 6.052391 99.772770 -0.019584 2.643202 0.003841 
756 12.195170 0.000000 7.157632 100.177679 -0.005909 2.200793 -0.004041 
757 9.820889 0.000000 6.052391 99.656663 -0.048365 2.303918 0.006324 
758 8.633748 0.000000 6.052391 99.699930 -0.022087 2.161884 0.005525 
759 9.820889 0.000000 7.157632 99.846538 -0.057827 1.823878 0.002734 
760 44.247960 0.000000 9.368116 100.338919 0.072144 -1.000581 -0.006890 
761 46.622241 0.000000 9.368116 100.222597 0.028952 -1.053253 -0.004568 
762 44.247960 0.000000 11.578600 100.196149 0.027406 -0.730889 -0.003980 
763 48.996522 0.000000 9.368116 100.206761 0.159607 -1.374588 -0.004331 
764 51.370803 0.000000 9.368116 100.071620 -0.068384 -1.460266 -0.001647 
765 48.996522 0.000000 11.578600 100.176266 0.049052 -1.118636 -0.003654 
1 11 62 60 61 
2 62 10 24 60 
3 60 24 14 63 
4 61 60 63 6 
5 24 66 64 65 
6 66 23 40 64 
7 64 40 27 67 
8 65 64 67 14 
9 40 70 68 69 
10 69 68 71 27 
11 6 63 92 93 
12 63 14 36 92 
13 92 36 19 94 
14 93 92 94 20 
15 14 67 95 96 
16 67 27 52 95 
17 95 52 35 97 
18 96 95 97 36 
19 27 71 98 99 
20 99 98 100 52 
21 68 112 110 111 
22 112 56 80 110 
23 110 80 43 113 
24 111 110 113 71 
25 80 116 114 115 
26 115 114 117 43 
27 71 113 133 134 
28 113 43 102 133 
29 133 102 76 135 
30 134 133 135 98 
31 43 117 136 137 
32 137 136 138 102 
33 114 141 139 140 
34 141 106 129 139 
35 139 129 83 142 
36 140 139 142 117 
37 12 145 143 144 
38 145 7 146 143 
39 143 146 13 25 
40 144 143 25 10 
41 25 149 147 148 
42 149 13 150 147 
43 147 150 26 41 
44 148 147 41 23 
45 41 153 151 152 
46 153 26 154 151 
47 151 154 42 57 
48 152 151 57 39 
49 39 157 155 156 
50 157 57 158 155 
51 155 158 55 81 
52 156 155 81 56 
53 81 161 159 160 
54 161 55 162 159 
55 159 162 82 107 
56 160 159 107 79 
57 79 165 163 164 
58 165 107 166 163 
59 106 169 167 168 
60 169 130 170 167 
61 167 170 128 171 
62 168 167 171 129 
63 130 181 180 170 
64 181 105 182 180 
65 180 182 131 183 
66 170 180 183 128 
67 109 179 187 188 
68 179 59 189 187 
69 187 189 126 190 
70 188 187 190 124 
71 131 193 191 192 
72 193 176 194 191 
73 191 194 179 195 
74 192 191 195 109 
75 107 197 196 166 
76 197 82 198 196 
77 177 205 203 204 
78 205 108 206 203 
79 203 206 178 207 
80 204 203 207 176 
81 178 213 211 212 
82 213 199 214 211 
83 211 214 202 215 
84 212 211 215 59 
85 57 217 216 158 
86 217 42 218 216 
87 216 218 58 89 
88 158 216 89 55 
89 55 220 219 162 
90 220 89 221 219 
91 219 221 88 173 
92 162 219 173 82 
93 82 223 222 198 
94 223 173 224 222 
95 108 226 225 206 
96 225 227 199 213 
97 206 225 213 178 
98 198 230 228 229 
99 230 222 231 228 
100 228 231 200 226 
101 229 228 226 108 
102 200 245 244 227 
103 245 172 246 244 
104 244 246 201 247 
105 227 244 247 199 
106 226 250 248 249 
107 250 200 251 248 
108 248 251 227 252 
109 249 248 252 225 
110 173 263 262 224 
111 263 88 264 262 
112 241 271 269 270 
113 271 174 272 269 
114 269 272 242 273 
115 270 269 273 240 
116 243 279 277 278 
117 279 91 280 277 
118 277 280 260 281 
119 278 277 281 259 
120 89 283 282 221 
121 283 58 284 282 
122 282 284 90 237 
123 221 282 237 88 
124 88 286 285 264 
125 286 237 287 285 
126 293 238 294 292 
127 292 294 5 295 
128 296 299 267 300 
129 297 296 300 265 
130 174 302 301 272 
131 302 266 297 301 
132 301 297 265 303 
133 272 301 303 242 
134 237 305 304 287 
135 305 90 306 304 
136 304 306 238 293 
137 285 309 307 308 
138 309 287 310 307 
139 266 313 311 312 
140 313 298 314 311 
141 311 314 296 315 
142 312 311 315 297 
143 295 5 320 319 
144 319 320 257 321 
145 236 328 327 299 
146 328 293 329 327 
147 327 329 292 330 
148 299 327 330 267 
149 332 236 333 331 
150 331 333 299 334 
151 314 331 334 296 
152 287 336 335 310 
153 336 304 337 335 
154 335 337 293 328 
155 310 335 328 236 
156 307 340 338 339 
157 340 310 341 338 
158 338 341 236 332 
159 339 338 332 298 
160 298 344 342 343 
161 344 332 345 342 
162 342 345 331 346 
163 343 342 346 314 
164 265 300 347 348 
165 300 267 349 347 
166 347 349 239 324 
167 348 347 324 268 
168 239 351 350 325 
169 351 295 352 350 
170 350 352 319 353 
171 325 350 353 275 
172 324 356 354 355 
173 356 239 357 354 
174 354 357 325 358 
175 91 360 359 280 
176 360 268 323 359 
177 359 323 274 361 
178 280 359 361 260 
179 268 364 362 363 
180 364 324 355 362 
181 362 355 322 365 
182 363 362 365 323 
183 19 38 366 367 
184 38 21 368 366 
185 366 368 9 369 
186 367 366 369 22 
187 35 54 370 371 
188 54 37 372 370 
189 370 372 21 373 
190 371 370 373 38 
191 51 78 374 375 
192 78 53 376 374 
193 374 376 37 377 
194 375 374 377 54 
195 75 123 378 379 
196 123 77 380 378 
197 378 380 53 381 
198 379 378 381 78 
199 121 258 382 383 
200 258 122 384 382 
201 382 384 77 385 
202 383 382 385 123 
203 185 276 386 387 
204 276 256 388 386 
205 386 388 258 389 
206 387 386 389 121 
207 274 326 390 391 
208 326 275 392 390 
209 390 392 256 393 
210 391 390 393 276 
211 322 358 394 395 
212 358 325 396 394 
213 394 396 275 397 
214 395 394 397 326 
215 355 400 398 399 
216 400 354 401 398 
217 398 401 358 402 
218 399 398 402 322 
219 238 404 403 294 
220 404 288 405 403 
221 403 405 291 406 
222 294 403 406 5 
223 15 408 407 33 
224 408 17 409 407 
225 407 409 8 410 
226 33 407 410 18 
227 31 412 411 49 
228 412 33 413 411 
229 411 413 18 414 
230 49 411 414 34 
231 47 416 415 86 
232 416 49 417 415 
233 415 417 34 418 
234 86 415 418 50 
235 420 86 421 419 
236 419 421 50 422 
237 7 432 431 146 
238 432 16 433 431 
239 431 433 15 32 
240 146 431 32 13 
241 13 435 434 150 
242 435 32 436 434 
243 434 436 31 48 
244 150 434 48 26 
245 26 438 437 154 
246 438 48 439 437 
247 437 439 47 85 
248 154 437 85 42 
249 42 441 440 218 
250 441 85 442 440 
251 440 442 84 233 
252 218 440 233 58 
253 58 444 443 284 
254 444 233 445 443 
255 443 445 232 289 
256 284 443 289 90 
257 289 448 446 447 
258 448 232 449 446 
259 446 449 290 428 
260 447 446 428 288 
261 288 452 450 451 
262 452 428 453 450 
263 450 453 427 454 
264 451 450 454 405 
265 18 410 455 45 
266 410 8 456 455 
267 455 456 29 457 
268 45 455 457 28 
269 34 414 458 73 
270 414 18 459 458 
271 458 459 45 460 
272 73 458 460 44 
273 50 418 461 119 
274 418 34 462 461 
275 461 462 73 463 
276 119 461 463 72 
277 422 50 465 464 
278 464 465 119 466 
279 291 430 470 471 
280 430 235 472 470 
281 470 472 317 473 
282 471 470 473 316 
283 405 454 474 475 
284 454 427 476 474 
285 474 476 430 477 
286 475 474 477 291 
287 428 483 482 453 
288 483 290 484 482 
289 482 484 429 485 
290 453 482 485 427 
291 427 485 486 476 
292 485 429 487 486 
293 486 487 235 488 
294 476 486 488 430 
295 233 490 489 445 
296 490 84 491 489 
297 489 491 234 424 
298 445 489 424 232 
299 232 493 492 449 
300 493 424 494 492 
301 492 494 423 479 
302 449 492 479 290 
303 290 496 495 484 
304 496 479 497 495 
305 495 497 478 498 
306 484 495 498 429 
307 235 481 499 472 
308 481 426 500 499 
309 499 500 467 501 
310 472 499 501 317 
311 429 498 502 487 
312 498 478 503 502 
313 502 503 481 504 
314 487 502 504 235 
315 506 419 507 505 
316 505 507 422 508 
317 479 514 513 497 
318 514 423 515 513 
319 513 515 480 516 
320 497 513 516 478 
321 478 516 517 503 
322 516 480 518 517 
323 517 518 426 519 
324 503 517 519 481 
325 424 521 520 494 
326 521 234 522 520 
327 520 522 425 510 
328 494 520 510 423 
329 423 524 523 515 
330 524 510 525 523 
331 523 525 509 526 
332 515 523 526 480 
333 508 422 528 527 
334 527 528 464 529 
335 426 512 530 500 
336 512 87 531 530 
337 530 531 468 532 
338 500 530 532 467 
339 480 526 533 518 
340 526 509 534 533 
341 533 534 512 535 
342 518 533 535 426 
343 425 537 536 511 
344 537 505 538 536 
345 536 538 508 539 
346 511 536 539 87 
347 510 541 540 525 
348 541 425 542 540 
349 540 542 511 543 
350 525 540 543 509 
351 1 546 544 545 
352 546 12 144 544 
353 544 144 10 62 
354 545 544 62 11 
355 16 548 547 433 
356 548 2 549 547 
357 547 549 17 408 
358 433 547 408 15 
359 20 94 550 551 
360 94 19 367 550 
361 550 367 22 552 
362 551 550 552 4 
363 10 555 553 554 
364 555 25 148 553 
365 553 148 23 66 
366 554 553 66 24 
367 21 46 556 368 
368 46 28 557 556 
369 556 557 30 558 
370 368 556 558 9 
371 32 560 559 436 
372 560 15 561 559 
373 559 561 33 412 
374 436 559 412 31 
375 36 97 562 563 
376 97 35 371 562 
377 562 371 38 564 
378 563 562 564 19 
379 23 567 565 566 
380 567 41 152 565 
381 565 152 39 70 
382 566 565 70 40 
383 37 74 568 372 
384 74 44 569 568 
385 568 569 46 570 
386 372 568 570 21 
387 48 572 571 439 
388 572 31 573 571 
389 571 573 49 416 
390 439 571 416 47 
391 52 100 574 575 
392 100 51 375 574 
393 574 375 54 576 
394 575 574 576 35 
395 70 579 577 578 
396 579 39 156 577 
397 577 156 56 112 
398 578 577 112 68 
399 53 120 580 376 
400 120 72 581 580 
401 580 581 74 582 
402 376 580 582 37 
403 76 104 583 584 
404 104 75 379 583 
405 583 379 78 585 
406 584 583 585 51 
407 56 588 586 587 
408 588 81 160 586 
409 586 160 79 116 
410 587 586 116 80 
411 85 590 589 442 
412 590 47 591 589 
413 589 591 86 420 
414 442 589 420 84 
415 98 135 592 593 
416 135 76 584 592 
417 592 584 51 594 
418 593 592 594 100 
419 116 597 595 596 
420 597 79 164 595 
421 595 164 106 141 
422 596 595 141 114 
423 77 255 598 380 
424 255 118 599 598 
425 598 599 120 600 
426 380 598 600 53 
427 103 186 601 602 
428 186 121 383 601 
429 601 383 123 603 
430 602 601 603 75 
431 83 132 604 605 
432 132 109 188 604 
433 604 188 124 606 
434 605 604 606 125 
435 128 183 607 608 
436 183 131 192 607 
437 607 192 109 609 
438 608 607 609 132 
439 129 171 610 611 
440 171 128 608 610 
441 610 608 132 612 
442 611 610 612 83 
443 117 142 613 614 
444 142 83 605 613 
445 613 605 125 615 
446 614 613 615 136 
447 105 617 616 182 
448 617 177 204 616 
449 616 204 176 193 
450 182 616 193 131 
451 176 207 618 194 
452 207 178 212 618 
453 618 212 59 619 
454 194 618 619 179 
455 184 261 620 621 
456 261 185 387 620 
457 620 387 121 622 
458 621 620 622 186 
459 126 210 623 624 
460 210 184 621 623 
461 623 621 186 625 
462 624 623 625 103 
463 196 628 626 627 
464 628 198 229 626 
465 626 229 108 205 
466 627 626 205 177 
467 166 631 629 630 
468 631 196 627 629 
469 629 627 177 617 
470 630 629 617 105 
471 199 247 632 214 
472 247 201 633 632 
473 632 633 175 634 
474 214 632 634 202 
475 222 636 635 231 
476 636 224 637 635 
477 635 637 172 245 
478 231 635 245 200 
479 172 639 638 246 
480 639 241 270 638 
481 638 270 240 640 
482 246 638 640 201 
483 240 273 641 642 
484 273 242 643 641 
485 641 643 91 279 
486 642 641 279 243 
487 201 640 644 633 
488 640 240 642 644 
489 644 642 243 645 
490 633 644 645 175 
491 122 318 646 384 
492 318 253 647 646 
493 646 647 255 648 
494 384 646 648 77 
495 256 321 649 388 
496 321 257 650 649 
497 649 650 122 651 
498 388 649 651 258 
499 175 645 652 653 
500 645 243 278 652 
501 652 278 259 654 
502 653 652 654 209 
503 224 656 655 637 
504 656 262 657 655 
505 655 657 241 639 
506 637 655 639 172 
507 242 303 658 643 
508 303 265 348 658 
509 658 348 268 360 
510 643 658 360 91 
511 260 361 659 660 
512 361 274 391 659 
513 659 391 276 661 
514 660 659 661 185 
515 264 664 662 663 
516 664 285 308 662 
517 662 308 266 302 
518 663 662 302 174 
519 90 666 665 306 
520 666 289 447 665 
521 665 447 288 404 
522 306 665 404 238 
523 267 330 667 349 
524 330 292 668 667 
525 667 668 295 351 
526 349 667 351 239 
527 308 671 669 670 
528 671 307 339 669 
529 669 339 298 313 
530 670 669 313 266 
531 5 406 672 320 
532 406 291 471 672 
533 672 471 316 673 
534 320 672 673 257 
535 257 673 674 650 
536 673 316 675 674 
537 674 675 318 676 
538 650 674 676 122 
539 275 353 677 392 
540 353 319 678 677 
541 677 678 321 679 
542 392 677 679 256 
543 323 365 680 681 
544 365 322 395 680 
545 680 395 326 682 
546 681 680 682 274 
547 84 684 683 491 
548 684 420 685 683 
549 683 685 419 506 
550 491 683 506 234 
551 234 687 686 522 
552 687 506 688 686 
553 686 688 505 537 
554 522 686 537 425 
555 509 543 689 534 
556 543 511 690 689 
557 689 690 87 691 
558 534 689 691 512 
559 87 539 692 531 
560 539 508 693 692 
561 692 693 527 694 
562 531 692 694 468 
563 28 457 695 557 
564 457 29 696 695 
565 695 696 3 697 
566 557 695 697 30 
567 44 460 698 569 
568 460 45 699 698 
569 698 699 28 700 
570 569 698 700 46 
571 72 463 701 581 
572 463 73 702 701 
573 701 702 44 703 
574 581 701 703 74 
575 101 127 704 705 
576 127 103 602 704 
577 704 602 75 706 
578 705 704 706 104 
579 102 138 707 708 
580 138 101 705 707 
581 707 705 104 709 
582 708 707 709 76 
583 118 466 710 599 
584 466 119 711 710 
585 710 711 72 712 
586 599 710 712 120 
587 124 190 713 714 
588 190 126 624 713 
589 713 624 103 715 
590 714 713 715 127 
591 125 606 716 717 
592 606 124 714 716 
593 716 714 127 718 
594 717 716 718 101 
595 136 615 719 720 
596 615 125 717 719 
597 719 717 101 721 
598 720 719 721 138 
599 163 724 722 723 
600 724 166 630 722 
601 722 630 105 181 
602 723 722 181 130 
603 164 727 725 726 
604 727 163 723 725 
605 725 723 130 169 
606 726 725 169 106 
607 202 634 728 729 
608 634 175 653 728 
609 728 653 209 730 
610 729 728 730 208 
611 253 469 731 647 
612 469 254 732 731 
613 731 732 118 733 
614 647 731 733 255 
615 259 281 734 735 
616 281 260 660 734 
617 734 660 185 736 
618 735 734 736 261 
619 209 654 737 738 
620 654 259 735 737 
621 737 735 261 739 
622 738 737 739 184 
623 262 741 740 657 
624 741 264 663 740 
625 740 663 174 271 
626 657 740 271 241 
627 316 473 742 675 
628 473 317 743 742 
629 742 743 253 744 
630 675 742 744 318 
631 254 529 745 732 
632 529 464 746 745 
633 745 746 466 747 
634 732 745 747 118 
635 317 501 748 743 
636 501 467 749 748 
637 748 749 469 750 
638 743 748 750 253 
639 59 215 751 752 
640 215 202 729 751 
641 751 729 208 753 
642 752 751 753 189 
643 208 730 754 755 
644 730 209 738 754 
645 754 738 184 756 
646 755 754 756 210 
647 189 753 757 758 
648 753 208 755 757 
649 757 755 210 759 
650 758 757 759 126 
651 467 532 760 749 
652 532 468 761 760 
653 760 761 254 762 
654 749 760 762 469 
655 468 694 763 761 
656 694 527 764 763 
657 763 764 529 765 
658 761 763 765 254 
