2 0.000000 100.000000 5791.461216
25 16 
1 -213.943881 0.000000 -224.819368 99.617673 -0.000005 8.716054 0.000035 
2 279.589215 0.000000 -224.819368 99.618306 -0.000043 8.704180 0.000043 
3 279.589215 0.000000 233.731852 99.622506 0.000059 8.700721 -0.000035 
4 -213.943881 0.000000 233.731852 99.621502 0.000008 8.715892 -0.000041 
5 32.822667 0.000000 4.456242 100.889726 -0.003640 8.784213 -0.025590 
6 -213.943881 0.000000 4.456242 99.619765 0.000002 8.718127 -0.000010 
7 32.822667 0.000000 -224.819368 99.613631 -0.000022 8.709610 0.000127 
8 279.589215 0.000000 4.456242 99.722318 -0.000896 7.535750 -0.000133 
9 32.822667 0.000000 233.731852 99.625839 0.000029 8.709171 -0.000116 
10 -90.560607 0.000000 -110.181563 99.612231 -0.000008 8.717617 0.000141 
11 -213.943881 0.000000 -110.181563 99.617869 -0.000003 8.717261 0.000029 
12 -90.560607 0.000000 -224.819368 99.615477 -0.000011 8.714708 0.000081 
13 32.822667 0.000000 -110.181563 99.595401 -0.000034 8.691230 0.000522 
14 -90.560607 0.000000 4.456242 99.620904 0.000004 8.725792 -0.000046 
15 156.205941 0.000000 -110.181563 99.614718 -0.000081 8.668457 0.000177 
16 156.205941 0.000000 -224.819368 99.615875 -0.000036 8.704804 0.000090 
17 279.589215 0.000000 -110.181563 99.620781 -0.000089 8.675351 0.000044 
18 156.205941 0.000000 4.456242 99.662966 -0.003079 8.201412 0.000003 
19 156.205941 0.000000 119.094047 99.631194 0.000118 8.660582 -0.000138 
20 32.822667 0.000000 119.094047 99.643443 0.000052 8.691882 -0.000436 
21 279.589215 0.000000 119.094047 99.626853 0.000150 8.648577 -0.000031 
22 156.205941 0.000000 233.731852 99.624401 0.000046 8.703416 -0.000077 
23 -90.560607 0.000000 119.094047 99.627429 0.000015 8.716774 -0.000161 
24 -213.943881 0.000000 119.094047 99.621491 0.000006 8.717075 -0.000043 
25 -90.560607 0.000000 233.731852 99.623765 0.000015 8.714386 -0.000084 
1 1 12 10 11 
2 12 7 13 10 
3 10 13 5 14 
4 11 10 14 6 
5 7 16 15 13 
6 16 2 17 15 
7 15 17 8 18 
8 13 15 18 5 
9 5 18 19 20 
10 18 8 21 19 
11 19 21 3 22 
12 20 19 22 9 
13 6 14 23 24 
14 14 5 20 23 
15 23 20 9 25 
16 24 23 25 4 
