2 0.000000 100.000000 211.018442
62 43 
1 -144.530000 0.000000 -163.870000 99.616090 -0.000001 8.717065 0.000065 
2 207.520000 0.000000 -163.870000 99.618301 0.000002 8.683851 0.000078 
3 207.520000 0.000000 167.670000 99.626604 -0.000012 8.671142 -0.000065 
4 -144.530000 0.000000 167.670000 99.623231 -0.000001 8.717004 -0.000077 
5 31.495000 0.000000 1.900000 99.694944 -0.000019 0.000000 0.006092 
6 -144.530000 0.000000 1.900000 99.619705 -0.000001 8.718447 -0.000010 
7 31.495000 0.000000 -163.870000 99.591093 -0.000007 8.698574 0.000595 
8 207.520000 0.000000 1.900000 99.857126 0.005621 5.993946 -0.000737 
9 31.495000 0.000000 167.670000 99.650616 -0.000004 8.697000 -0.000588 
10 119.507500 0.000000 -80.985000 99.614404 0.000020 8.589466 0.000319 
11 31.495000 0.000000 -80.985000 99.494177 -0.000068 8.646625 0.002614 
12 119.507500 0.000000 -163.870000 99.609058 -0.000001 8.682138 0.000266 
13 207.520000 0.000000 -80.985000 99.625740 0.000022 8.610715 0.000057 
14 119.507500 0.000000 1.900000 100.082550 0.013801 3.395711 -0.002805 
15 -56.517500 0.000000 -80.985000 99.605815 -0.000004 8.721509 0.000262 
16 -144.530000 0.000000 -80.985000 99.617278 -0.000001 8.718000 0.000039 
17 -56.517500 0.000000 -163.870000 99.607371 -0.000002 8.716301 0.000240 
18 -56.517500 0.000000 1.900000 99.620358 -0.000004 8.729700 -0.000042 
19 119.507500 0.000000 84.785000 99.647608 -0.000074 8.543679 -0.000264 
20 31.495000 0.000000 84.785000 99.754559 0.000009 8.641193 -0.002564 
21 207.520000 0.000000 84.785000 99.639491 -0.000098 8.509230 -0.000044 
22 119.507500 0.000000 167.670000 99.634955 -0.000010 8.675937 -0.000240 
23 75.501250 0.000000 -39.542500 99.588912 -0.016205 8.223112 0.001443 
24 31.495000 0.000000 -39.542500 99.176198 -0.028057 8.448030 0.009271 
25 75.501250 0.000000 -80.985000 99.572198 -0.000021 8.580524 0.001175 
26 119.507500 0.000000 -39.542500 99.642083 0.000209 8.307772 0.000244 
27 75.501250 0.000000 1.900000 100.242556 0.011844 1.491379 -0.005079 
28 -56.517500 0.000000 84.785000 99.634571 -0.000003 8.721276 -0.000311 
29 -144.530000 0.000000 84.785000 99.622107 -0.000001 8.717962 -0.000057 
30 -56.517500 0.000000 167.670000 99.632526 -0.000001 8.716041 -0.000261 
31 -12.511250 0.000000 -39.542500 99.557500 0.000299 8.742860 0.001187 
32 -56.517500 0.000000 -39.542500 99.610524 -0.000005 8.725310 0.000161 
33 -12.511250 0.000000 -80.985000 99.564397 -0.000016 8.720483 0.001088 
34 -12.511250 0.000000 1.900000 99.622430 0.000450 8.768006 -0.000151 
35 75.501250 0.000000 43.342500 99.732774 0.013897 8.087578 -0.001204 
36 31.495000 0.000000 43.342500 100.094135 0.030359 8.433995 -0.008997 
37 119.507500 0.000000 43.342500 99.691930 -0.000601 7.986189 -0.000226 
38 75.501250 0.000000 84.785000 99.685558 -0.000045 8.559172 -0.001047 
39 53.498125 0.000000 -18.821250 99.437190 -0.033321 7.036562 0.006273 
40 31.495000 0.000000 -18.821250 98.301082 -0.019722 7.767404 0.027656 
41 53.498125 0.000000 -39.542500 99.431048 -0.046340 8.206599 0.004612 
42 75.501250 0.000000 -18.821250 99.689013 0.001667 7.307009 0.000871 
43 53.498125 0.000000 1.900000 100.207261 0.003573 1.161892 -0.004285 
44 -12.511250 0.000000 43.342500 99.686490 0.000173 8.742043 -0.001382 
45 -56.517500 0.000000 43.342500 99.630094 -0.000003 8.725167 -0.000228 
46 -12.511250 0.000000 84.785000 99.678061 -0.000003 8.719535 -0.001175 
47 9.491875 0.000000 -18.821250 99.323414 -0.003776 8.812116 0.005721 
48 -12.511250 0.000000 -18.821250 99.579021 -0.000217 8.757104 0.000733 
49 9.491875 0.000000 -39.542500 99.412652 -0.005647 8.718208 0.004112 
50 9.491875 0.000000 1.900000 99.628449 0.000433 8.972202 -0.000633 
51 53.498125 0.000000 22.621250 100.030145 0.024786 6.836378 -0.005277 
52 31.495000 0.000000 22.621250 100.998536 0.022854 7.745055 -0.026069 
53 75.501250 0.000000 22.621250 99.831751 -0.002821 6.660913 -0.001075 
54 53.498125 0.000000 43.342500 99.872375 0.043843 8.149058 -0.004090 
55 42.496562 0.000000 -8.460625 98.459152 0.001445 4.779593 0.028295 
56 31.495000 0.000000 -8.460625 96.922487 0.000028 6.174431 0.056791 
57 42.496562 0.000000 -18.821250 98.873841 -0.049819 7.093778 0.017364 
58 53.498125 0.000000 -8.460625 99.682641 -0.002162 4.911555 0.003925 
59 42.496562 0.000000 1.900000 101.986767 0.000974 0.650092 -0.040172 
60 9.491875 0.000000 22.621250 99.931300 0.004500 8.809886 -0.006388 
61 -12.511250 0.000000 22.621250 99.665571 0.000875 8.756627 -0.000990 
62 9.491875 0.000000 43.342500 99.838154 0.006938 8.715441 -0.004362 
1 7 12 10 11 
2 12 2 13 10 
3 10 13 8 14 
4 1 17 15 16 
5 17 7 11 15 
6 16 15 18 6 
7 14 8 21 19 
8 19 21 3 22 
9 20 19 22 9 
10 11 25 23 24 
11 25 10 26 23 
12 23 26 14 27 
13 6 18 28 29 
14 28 20 9 30 
15 29 28 30 4 
16 15 33 31 32 
17 33 11 24 31 
18 32 31 34 18 
19 27 14 37 35 
20 35 37 19 38 
21 36 35 38 20 
22 24 41 39 40 
23 41 23 42 39 
24 39 42 27 43 
25 18 34 44 45 
26 44 36 20 46 
27 45 44 46 28 
28 31 49 47 48 
29 49 24 40 47 
30 47 40 5 50 
31 48 47 50 34 
32 5 43 51 52 
33 43 27 53 51 
34 51 53 35 54 
35 52 51 54 36 
36 40 57 55 56 
37 57 39 58 55 
38 55 58 43 59 
39 56 55 59 5 
40 34 50 60 61 
41 50 5 52 60 
42 60 52 36 62 
43 61 60 62 44 
