2 0.000000 100.000000 291.862339
62 43 
1 -144.530000 0.000000 -163.870000 99.615018 -0.000000 8.716929 0.000086 
2 207.520000 0.000000 -163.870000 99.616644 0.000001 8.688081 0.000104 
3 207.520000 0.000000 167.670000 99.627154 0.000002 8.676864 -0.000086 
4 -144.530000 0.000000 167.670000 99.624545 0.000000 8.716717 -0.000103 
5 31.495000 0.000000 1.900000 99.725480 0.000211 0.000000 0.005483 
6 -144.530000 0.000000 1.900000 99.619944 -0.000000 8.721412 -0.000020 
7 31.495000 0.000000 -163.870000 99.603694 -0.000003 8.701127 0.000339 
8 207.520000 0.000000 1.900000 99.828464 0.000216 6.315349 -0.000561 
9 31.495000 0.000000 167.670000 99.637750 0.000002 8.698938 -0.000335 
10 119.507500 0.000000 -80.985000 99.607873 -0.000002 8.606339 0.000420 
11 31.495000 0.000000 -80.985000 99.548451 -0.000039 8.657081 0.001516 
12 119.507500 0.000000 -163.870000 99.610167 -0.000001 8.689185 0.000231 
13 207.520000 0.000000 -80.985000 99.622516 0.000008 8.622531 0.000101 
14 119.507500 0.000000 1.900000 100.030021 -0.000633 3.966579 -0.002174 
15 -56.517500 0.000000 -80.985000 99.601547 -0.000004 8.720903 0.000348 
16 -144.530000 0.000000 -80.985000 99.615628 -0.000001 8.719550 0.000070 
17 -56.517500 0.000000 -163.870000 99.609054 -0.000001 8.713958 0.000210 
18 -56.517500 0.000000 1.900000 99.621239 -0.000002 8.744633 -0.000086 
19 119.507500 0.000000 84.785000 99.649729 0.000007 8.565842 -0.000344 
20 31.495000 0.000000 84.785000 99.699568 0.000025 8.649371 -0.001482 
21 207.520000 0.000000 84.785000 99.638778 0.000007 8.534216 -0.000072 
22 119.507500 0.000000 167.670000 99.632743 0.000002 8.683290 -0.000208 
23 75.501250 0.000000 -39.542500 99.564663 -0.016798 8.287989 0.001819 
24 31.495000 0.000000 -39.542500 99.361584 -0.021903 8.486910 0.005525 
25 75.501250 0.000000 -80.985000 99.578339 -0.000028 8.608809 0.001004 
26 119.507500 0.000000 -39.542500 99.628583 0.000021 8.351268 0.000440 
27 75.501250 0.000000 1.900000 100.177892 -0.001275 2.111371 -0.004007 
28 -56.517500 0.000000 84.785000 99.639743 0.000001 8.720100 -0.000412 
29 -144.530000 0.000000 84.785000 99.624146 -0.000000 8.719390 -0.000100 
30 -56.517500 0.000000 167.670000 99.631133 0.000001 8.713308 -0.000228 
31 -12.511250 0.000000 -39.542500 99.539897 0.000453 8.740327 0.001542 
32 -56.517500 0.000000 -39.542500 99.603801 -0.000005 8.731466 0.000284 
33 -12.511250 0.000000 -80.985000 99.572020 -0.000015 8.710984 0.000953 
34 -12.511250 0.000000 1.900000 99.625255 0.000926 8.822678 -0.000303 
35 75.501250 0.000000 43.342500 99.740643 0.014730 8.166352 -0.001489 
36 31.495000 0.000000 43.342500 99.907880 0.024051 8.464951 -0.005324 
37 119.507500 0.000000 43.342500 99.690878 0.000003 8.070858 -0.000341 
38 75.501250 0.000000 84.785000 99.675385 0.000017 8.588105 -0.000894 
39 53.498125 0.000000 -18.821250 99.378971 -0.027350 7.269578 0.007097 
40 31.495000 0.000000 -18.821250 98.791054 -0.017911 7.893646 0.017802 
41 53.498125 0.000000 -39.542500 99.464899 -0.029251 8.313540 0.003762 
42 75.501250 0.000000 -18.821250 99.638856 0.000081 7.456628 0.001650 
43 53.498125 0.000000 1.900000 100.136072 0.001822 1.597199 -0.002978 
44 -12.511250 0.000000 43.342500 99.707235 0.000217 8.737515 -0.001788 
45 -56.517500 0.000000 43.342500 99.638263 0.000001 8.730866 -0.000401 
46 -12.511250 0.000000 84.785000 99.671523 0.000008 8.708602 -0.001025 
47 9.491875 0.000000 -18.821250 99.275813 -0.006479 8.785114 0.006713 
48 -12.511250 0.000000 -18.821250 99.549409 -0.000486 8.781956 0.001279 
49 9.491875 0.000000 -39.542500 99.449205 -0.006963 8.682247 0.003447 
50 9.491875 0.000000 1.900000 99.636013 0.001071 9.245989 -0.001282 
51 53.498125 0.000000 22.621250 100.034317 0.022711 7.069918 -0.005685 
52 31.495000 0.000000 22.621250 100.511499 0.020878 7.853737 -0.016424 
53 75.501250 0.000000 22.621250 99.835382 0.000254 6.886167 -0.001452 
54 53.498125 0.000000 43.342500 99.824836 0.028008 8.254224 -0.003313 
55 42.496562 0.000000 -8.460625 98.667128 0.000181 5.275774 0.023696 
56 31.495000 0.000000 -8.460625 97.757342 -0.000741 6.449153 0.040191 
57 42.496562 0.000000 -18.821250 99.060952 -0.032093 7.394393 0.013225 
58 53.498125 0.000000 -8.460625 99.530516 -0.006166 5.298026 0.006561 
59 42.496562 0.000000 1.900000 101.368409 -0.000440 0.895505 -0.027636 
60 9.491875 0.000000 22.621250 99.988507 0.008163 8.777471 -0.007475 
61 -12.511250 0.000000 22.621250 99.699962 0.001677 8.779990 -0.001717 
62 9.491875 0.000000 43.342500 99.805661 0.008582 8.675002 -0.003643 
1 7 12 10 11 
2 12 2 13 10 
3 10 13 8 14 
4 1 17 15 16 
5 17 7 11 15 
6 16 15 18 6 
7 14 8 21 19 
8 19 21 3 22 
9 20 19 22 9 
10 11 25 23 24 
11 25 10 26 23 
12 23 26 14 27 
13 6 18 28 29 
14 28 20 9 30 
15 29 28 30 4 
16 15 33 31 32 
17 33 11 24 31 
18 32 31 34 18 
19 27 14 37 35 
20 35 37 19 38 
21 36 35 38 20 
22 24 41 39 40 
23 41 23 42 39 
24 39 42 27 43 
25 18 34 44 45 
26 44 36 20 46 
27 45 44 46 28 
28 31 49 47 48 
29 49 24 40 47 
30 47 40 5 50 
31 48 47 50 34 
32 5 43 51 52 
33 43 27 53 51 
34 51 53 35 54 
35 52 51 54 36 
36 40 57 55 56 
37 57 39 58 55 
38 55 58 43 59 
39 56 55 59 5 
40 34 50 60 61 
41 50 5 52 60 
42 60 52 36 62 
43 61 60 62 44 
