2 0.000000 100.000000 5791.461216
559 457 
1 -234.650000 0.000000 -237.029800 100.000327 0.000055 -0.000224 -0.000007 
2 281.580000 0.000000 -237.029800 100.000389 0.000270 0.003144 -0.000008 
3 281.580000 0.000000 240.470000 99.999487 -0.000245 0.002875 0.000010 
4 -234.650000 0.000000 240.470000 99.999545 -0.000022 0.000074 0.000009 
5 23.465000 0.000000 1.720100 99.691877 -0.023058 -0.329794 0.006142 
6 -234.650000 0.000000 1.720100 99.999502 0.000045 -0.000474 0.000010 
7 23.465000 0.000000 -237.029800 100.001669 0.000194 0.001313 -0.000033 
8 281.580000 0.000000 1.720100 99.999597 -0.040721 3.744439 -0.001394 
9 23.465000 0.000000 240.470000 99.998960 -0.000100 0.001360 0.000021 
10 -105.592500 0.000000 -117.654850 100.000915 0.000224 -0.001526 -0.000018 
11 -234.650000 0.000000 -117.654850 100.000075 0.000060 -0.000516 -0.000001 
12 -105.592500 0.000000 -237.029800 100.000924 0.000112 -0.000067 -0.000018 
13 23.465000 0.000000 -117.654850 100.007916 0.000683 0.004431 -0.000158 
14 -105.592500 0.000000 1.720100 99.996058 0.000436 -0.001671 0.000079 
15 152.522500 0.000000 -117.654850 100.001421 0.000600 0.013038 -0.000028 
16 152.522500 0.000000 -237.029800 100.001049 0.000247 0.002873 -0.000021 
17 281.580000 0.000000 -117.654850 100.000147 0.000583 0.012134 -0.000003 
18 152.522500 0.000000 1.720100 99.995518 -0.041355 3.746327 -0.001314 
19 -105.592500 0.000000 121.095050 99.998068 0.000066 0.000816 0.000039 
20 -234.650000 0.000000 121.095050 99.999371 0.000006 -0.000092 0.000013 
21 23.465000 0.000000 121.095050 99.997003 0.000064 0.005002 0.000060 
22 -105.592500 0.000000 240.470000 99.999199 -0.000042 0.000486 0.000016 
23 -41.063750 0.000000 -57.967375 100.000497 -0.000605 -0.013421 -0.000010 
24 -105.592500 0.000000 -57.967375 99.999007 0.000364 -0.002828 0.000020 
25 -41.063750 0.000000 -117.654850 100.003663 0.000467 -0.001655 -0.000073 
26 23.465000 0.000000 -57.967375 100.066706 -0.010557 0.010594 -0.001335 
27 -41.063750 0.000000 1.720100 99.959999 0.043092 -0.020062 0.000800 
28 152.522500 0.000000 121.095050 99.997612 -0.000420 0.010820 0.000048 
29 281.580000 0.000000 121.095050 99.999272 -0.000538 0.012006 0.000015 
30 152.522500 0.000000 240.470000 99.999102 -0.000190 0.002359 0.000018 
31 87.993750 0.000000 -57.967375 100.007096 -0.007304 0.058586 -0.000142 
32 87.993750 0.000000 -117.654850 100.004801 0.000647 0.012207 -0.000096 
33 152.522500 0.000000 -57.967375 99.999454 0.001212 0.047727 0.000011 
34 87.993750 0.000000 1.720100 99.942799 -0.066338 3.778636 -0.000285 
35 -41.063750 0.000000 61.407575 99.991302 -0.001038 0.007564 0.000174 
36 -105.592500 0.000000 61.407575 99.996622 0.000247 0.000514 0.000068 
37 23.465000 0.000000 61.407575 99.982392 -0.006847 0.016488 0.000352 
38 -41.063750 0.000000 121.095050 99.997250 0.000141 0.002702 0.000055 
39 -8.799375 0.000000 -28.123637 99.987720 -0.043547 -0.107614 0.000244 
40 -41.063750 0.000000 -28.123637 99.982866 0.027094 -0.025470 0.000343 
41 -8.799375 0.000000 -57.967375 100.026198 0.020707 -0.025332 -0.000524 
42 23.465000 0.000000 -28.123637 100.201036 0.099747 -0.016669 -0.004026 
43 -8.799375 0.000000 1.720100 99.552982 0.012739 0.036101 0.008920 
44 87.993750 0.000000 61.407575 99.984788 -0.011085 0.038458 0.000304 
45 152.522500 0.000000 61.407575 99.995750 -0.000925 0.046377 0.000085 
46 87.993750 0.000000 121.095050 99.996563 -0.000232 0.008147 0.000069 
47 55.729375 0.000000 -28.123637 100.014858 -0.015667 0.272464 -0.000305 
48 55.729375 0.000000 -57.967375 100.047212 -0.046790 0.068009 -0.000945 
49 87.993750 0.000000 -28.123637 99.992658 0.033404 0.201244 0.000143 
50 55.729375 0.000000 1.720100 98.617424 0.043769 3.799416 0.026017 
51 -8.799375 0.000000 31.563838 99.958043 0.017590 0.061097 0.000839 
52 -41.063750 0.000000 31.563838 99.975848 0.023822 0.007846 0.000483 
53 23.465000 0.000000 31.563838 100.016878 0.107044 0.065354 -0.000339 
54 -8.799375 0.000000 61.407575 99.989111 0.014275 0.013025 0.000218 
55 7.332812 0.000000 -13.201769 99.980797 0.077037 -0.593001 0.000348 
56 -8.799375 0.000000 -13.201769 99.812449 -0.020450 -0.175963 0.003744 
57 7.332812 0.000000 -28.123637 100.124854 -0.106943 -0.184456 -0.002503 
58 23.465000 0.000000 -13.201769 100.623464 -0.044398 -0.103626 -0.012509 
59 7.332812 0.000000 1.720100 121.642767 0.023543 2.037036 -0.480111 
60 -170.121250 0.000000 -57.967375 99.999556 0.000124 -0.001100 0.000009 
61 -234.650000 0.000000 -57.967375 99.999786 0.000057 -0.000573 0.000004 
62 -170.121250 0.000000 -117.654850 100.000237 0.000109 -0.000869 -0.000005 
63 -170.121250 0.000000 1.720100 99.998825 0.000114 -0.000811 0.000023 
64 -73.328125 0.000000 -28.123637 99.992968 -0.012845 -0.004212 0.000141 
65 -105.592500 0.000000 -28.123637 99.997321 0.000430 -0.002716 0.000054 
66 -73.328125 0.000000 -57.967375 99.998769 0.000733 -0.005361 0.000025 
67 -73.328125 0.000000 1.720100 99.989135 -0.000152 -0.002208 0.000217 
68 -24.931563 0.000000 -13.201769 99.929328 -0.023072 -0.047789 0.001413 
69 -41.063750 0.000000 -13.201769 99.970892 0.040174 -0.031505 0.000582 
70 -24.931563 0.000000 -28.123637 99.976145 -0.024672 -0.044521 0.000477 
71 -24.931563 0.000000 1.720100 99.899389 -0.014045 -0.012148 0.002011 
72 55.729375 0.000000 31.563838 99.968911 -0.059733 0.065066 0.000621 
73 87.993750 0.000000 31.563838 99.976311 -0.038073 0.143204 0.000472 
74 55.729375 0.000000 61.407575 100.005613 -0.039165 0.011848 -0.000112 
75 7.332812 0.000000 16.641969 99.908017 0.033533 0.339181 0.001827 
76 -8.799375 0.000000 16.641969 99.863499 0.013796 0.152047 0.002726 
77 23.465000 0.000000 16.641969 100.237601 -0.003870 0.188206 -0.004761 
78 7.332812 0.000000 31.563838 100.010351 0.077063 0.100144 -0.000209 
79 -0.733281 0.000000 -5.740834 99.128427 0.044933 -0.879248 0.017278 
80 -8.799375 0.000000 -5.740834 99.641216 0.042642 -0.155881 0.007160 
81 -0.733281 0.000000 -13.201769 99.800627 0.036751 -0.443543 0.003964 
82 7.332812 0.000000 -5.740834 99.766656 0.078747 -2.226906 0.004165 
83 -0.733281 0.000000 1.720100 117.634036 0.050205 1.135426 -0.383906 
84 39.597187 0.000000 -13.201769 100.294222 -0.052855 0.885051 -0.005972 
85 39.597187 0.000000 -28.123637 100.183398 -0.042435 0.290967 -0.003680 
86 55.729375 0.000000 -13.201769 99.793270 0.032442 0.791795 0.004068 
87 39.597187 0.000000 1.720100 105.198844 -0.020273 0.828486 -0.106748 
88 15.398906 0.000000 -5.740834 100.899983 -0.003943 -2.054998 -0.018503 
89 15.398906 0.000000 -13.201769 100.346897 -0.002531 -0.531502 -0.006978 
90 23.465000 0.000000 -5.740834 101.585978 -0.052904 -0.949957 -0.032062 
91 15.398906 0.000000 1.720100 110.710794 -0.024843 2.485088 -0.226306 
92 -170.121250 0.000000 61.407575 99.998652 0.000072 -0.000242 0.000027 
93 -234.650000 0.000000 61.407575 99.999360 0.000027 -0.000273 0.000013 
94 -170.121250 0.000000 121.095050 99.998895 0.000022 0.000100 0.000022 
95 -73.328125 0.000000 31.563838 99.991806 -0.012368 0.003460 0.000164 
96 -105.592500 0.000000 31.563838 99.995934 0.000362 -0.000335 0.000081 
97 -73.328125 0.000000 61.407575 99.994411 0.000520 0.002284 0.000112 
98 -24.931563 0.000000 16.641969 99.931270 0.037375 0.038552 0.001374 
99 -41.063750 0.000000 16.641969 99.962410 0.039295 -0.006247 0.000751 
100 -24.931563 0.000000 31.563838 99.962298 0.053566 0.026242 0.000754 
101 -0.733281 0.000000 9.181034 99.509645 0.070565 0.532215 0.009754 
102 -8.799375 0.000000 9.181034 99.698368 0.007163 0.143501 0.006021 
103 7.332812 0.000000 9.181034 99.890319 0.074372 1.132124 0.002064 
104 -0.733281 0.000000 16.641969 99.871587 0.058090 0.330963 0.002555 
105 3.299766 0.000000 -2.010367 120.953838 0.051226 -2.054643 -0.463406 
106 -0.733281 0.000000 -2.010367 117.632609 0.047598 -13.887191 -0.403029 
107 3.299766 0.000000 -5.740834 99.141005 0.088359 -1.655637 0.016831 
108 7.332812 0.000000 -2.010367 121.656760 0.027985 -2.100846 -0.480478 
109 3.299766 0.000000 1.720100 120.943341 0.048882 2.052740 -0.463151 
110 -16.865469 0.000000 -5.740834 99.829665 -0.044724 -0.068928 0.003403 
111 -24.931563 0.000000 -5.740834 99.907270 -0.019699 -0.032085 0.001854 
112 -16.865469 0.000000 -13.201769 99.887960 -0.042040 -0.097114 0.002238 
113 -16.865469 0.000000 1.720100 99.808726 -0.035216 -0.008012 0.003822 
114 -4.766328 0.000000 -2.010367 99.142464 0.012156 -0.218870 0.017072 
115 -8.799375 0.000000 -2.010367 99.560718 0.012941 -0.081844 0.008766 
116 -4.766328 0.000000 -5.740834 99.427998 0.089198 -0.399531 0.011391 
117 -4.766328 0.000000 1.720100 99.122153 0.035524 0.140201 0.017478 
118 39.597187 0.000000 16.641969 99.925926 0.099126 0.221263 0.001475 
119 55.729375 0.000000 16.641969 99.872416 0.024636 0.227163 0.002545 
120 39.597187 0.000000 31.563838 100.020510 0.027054 0.053156 -0.000411 
121 15.398906 0.000000 9.181034 100.396120 -0.002592 0.918391 -0.008022 
122 23.465000 0.000000 9.181034 100.501486 -0.039998 0.317625 -0.010065 
123 15.398906 0.000000 16.641969 100.171684 0.016365 0.370375 -0.003450 
124 3.299766 0.000000 5.450567 99.042464 0.030772 1.726781 0.018761 
125 -0.733281 0.000000 5.450567 99.046927 0.049056 0.815842 0.018904 
126 7.332812 0.000000 5.450567 99.765083 0.081251 2.355127 0.004138 
127 3.299766 0.000000 9.181034 99.583533 0.028989 0.841173 0.008241 
128 1.283242 0.000000 -0.145134 118.089508 0.052195 -4.022878 -0.396132 
129 -0.733281 0.000000 -0.145134 117.633333 0.050476 -0.143235 -0.383762 
130 1.283242 0.000000 -2.010367 118.042596 0.054865 -3.574429 -0.394683 
131 3.299766 0.000000 -0.145134 120.791907 0.049497 -0.285849 -0.459077 
132 1.283242 0.000000 1.720100 118.209160 0.051922 4.281827 -0.399174 
133 11.365859 0.000000 -2.010367 117.429984 0.008476 -4.043768 -0.380615 
134 11.365859 0.000000 -5.740834 100.328483 0.010840 -2.197308 -0.007063 
135 15.398906 0.000000 -2.010367 112.046468 -0.005792 -2.758655 -0.256202 
136 11.365859 0.000000 1.720100 117.388142 -0.002224 1.923800 -0.378368 
137 5.316289 0.000000 -0.145134 123.209132 0.039836 -0.905299 -0.518131 
138 5.316289 0.000000 -2.010367 123.488620 0.050176 -5.379099 -0.527838 
139 7.332812 0.000000 -0.145134 121.678022 0.025699 -0.221754 -0.480559 
140 5.316289 0.000000 1.720100 123.588203 0.042695 5.962921 -0.530960 
141 11.365859 0.000000 5.450567 100.438249 -0.002667 2.233583 -0.009283 
142 15.398906 0.000000 5.450567 100.932262 -0.003876 1.681984 -0.019015 
143 11.365859 0.000000 9.181034 100.194483 0.112868 1.159029 -0.004029 
144 31.531094 0.000000 -5.740834 101.652231 -0.099355 2.335746 -0.033864 
145 31.531094 0.000000 -13.201769 100.597347 -0.064019 0.569472 -0.012015 
146 39.597187 0.000000 -5.740834 112.530986 -0.060469 3.699243 -0.267691 
147 31.531094 0.000000 1.720100 99.697918 -0.068077 -1.683619 0.005749 
148 19.431953 0.000000 -2.010367 106.691175 -0.047163 -2.029569 -0.138713 
149 19.431953 0.000000 -5.740834 101.210945 -0.031546 -1.401580 -0.024562 
150 23.465000 0.000000 -2.010367 107.363604 -0.095963 -4.288685 -0.154535 
151 19.431953 0.000000 1.720100 100.397471 -0.027920 1.448791 -0.008175 
152 31.531094 0.000000 9.181034 100.125843 -0.062340 -0.093638 -0.002520 
153 39.597187 0.000000 9.181034 99.782619 -0.126519 0.346940 0.004329 
154 31.531094 0.000000 16.641969 100.121892 -0.029723 0.070024 -0.002440 
155 19.431953 0.000000 5.450567 130.215082 -0.051573 0.000000 -0.695597 
156 23.465000 0.000000 5.450567 101.093770 -0.047720 0.651749 -0.022038 
157 19.431953 0.000000 9.181034 100.496325 -0.025682 0.642181 -0.009992 
158 -41.063750 0.000000 -177.342325 100.002257 0.000231 0.000143 -0.000045 
159 -105.592500 0.000000 -177.342325 100.001132 0.000149 -0.000506 -0.000023 
160 -41.063750 0.000000 -237.029800 100.001390 0.000153 0.000415 -0.000028 
161 23.465000 0.000000 -177.342325 100.003155 0.000308 0.002220 -0.000063 
162 -8.799375 0.000000 -87.811112 100.008463 -0.001172 -0.002825 -0.000169 
163 -41.063750 0.000000 -87.811112 100.003704 0.000805 -0.004592 -0.000074 
164 -8.799375 0.000000 -117.654850 100.006182 0.000606 0.000199 -0.000124 
165 23.465000 0.000000 -87.811112 100.020380 0.003607 0.006168 -0.000408 
166 7.332812 0.000000 -43.045506 100.068737 -0.034619 -0.041367 -0.001376 
167 -8.799375 0.000000 -43.045506 100.015027 -0.023603 -0.044413 -0.000301 
168 7.332812 0.000000 -57.967375 100.070364 0.012574 -0.024578 -0.001408 
169 23.465000 0.000000 -43.045506 100.090182 -0.033281 0.013162 -0.001805 
170 15.398906 0.000000 -20.662703 100.135749 0.136185 -0.163313 -0.002721 
171 7.332812 0.000000 -20.662703 100.052425 0.120121 -0.302216 -0.001059 
172 15.398906 0.000000 -28.123637 100.139376 0.088106 -0.121836 -0.002792 
173 23.465000 0.000000 -20.662703 100.298052 0.001791 0.003054 -0.005970 
174 19.431953 0.000000 -9.471302 100.802086 -0.025589 -0.704000 -0.016156 
175 15.398906 0.000000 -9.471302 100.488681 0.000645 -0.967944 -0.009891 
176 19.431953 0.000000 -13.201769 100.500057 -0.014963 -0.357115 -0.010039 
177 23.465000 0.000000 -9.471302 101.047875 -0.040956 -0.293057 -0.021076 
178 27.498047 0.000000 -2.010367 105.214963 -0.150177 -2.476741 -0.107635 
179 27.498047 0.000000 -5.740834 102.460441 -0.070558 0.415628 -0.049832 
180 31.531094 0.000000 -2.010367 106.492581 -0.133459 2.308918 -0.134602 
181 27.498047 0.000000 1.720100 94.618972 -0.027008 0.682310 0.104678 
182 21.448477 0.000000 -3.875601 107.287522 -0.076857 -3.777455 -0.152489 
183 19.431953 0.000000 -3.875601 106.508079 -0.047981 -1.632304 -0.134664 
184 21.448477 0.000000 -5.740834 101.301893 -0.037410 -1.177245 -0.026346 
185 23.465000 0.000000 -3.875601 107.399653 -0.108350 -4.538907 -0.155530 
186 21.448477 0.000000 -2.010367 107.275020 -0.077763 -3.783922 -0.152225 
187 27.498047 0.000000 5.450567 100.646283 -0.058983 -0.087798 -0.012969 
188 31.531094 0.000000 5.450567 104.173790 -0.132789 -1.632468 -0.085486 
189 27.498047 0.000000 9.181034 100.350582 -0.048366 0.041510 -0.007024 
190 21.448477 0.000000 3.585334 109.091754 -0.026347 2.835535 -0.190905 
191 19.431953 0.000000 3.585334 106.160627 -0.040174 1.069817 -0.127122 
192 21.448477 0.000000 1.720100 106.380679 -0.014090 3.221100 -0.132722 
193 23.465000 0.000000 3.585334 105.584640 -0.043118 1.083158 -0.114929 
194 21.448477 0.000000 5.450567 100.884481 -0.034729 1.088491 -0.017886 
195 87.993750 0.000000 -177.342325 100.002561 0.000348 0.004559 -0.000051 
196 87.993750 0.000000 -237.029800 100.001495 0.000226 0.002276 -0.000030 
197 152.522500 0.000000 -177.342325 100.001395 0.000363 0.005539 -0.000028 
198 55.729375 0.000000 -87.811112 100.019936 0.000629 0.022051 -0.000399 
199 55.729375 0.000000 -117.654850 100.007166 0.000681 0.009280 -0.000143 
200 87.993750 0.000000 -87.811112 100.006133 0.000971 0.023785 -0.000123 
201 39.597187 0.000000 -43.045506 100.080350 -0.015521 0.082586 -0.001608 
202 39.597187 0.000000 -57.967375 100.061472 -0.002394 0.044855 -0.001230 
203 55.729375 0.000000 -43.045506 100.052916 0.017095 0.129157 -0.001060 
204 31.531094 0.000000 -20.662703 100.286701 -0.017016 0.249285 -0.005748 
205 31.531094 0.000000 -28.123637 100.184910 -0.040410 0.140633 -0.003704 
206 39.597187 0.000000 -20.662703 100.161447 0.043028 0.448105 -0.003252 
207 27.498047 0.000000 -9.471302 101.224606 -0.051069 0.348951 -0.024655 
208 27.498047 0.000000 -13.201769 100.675309 -0.055313 0.233961 -0.013558 
209 31.531094 0.000000 -9.471302 100.958902 -0.096836 1.010665 -0.019373 
210 25.481523 0.000000 -3.875601 106.678299 -0.144365 -3.747723 -0.139433 
211 25.481523 0.000000 -5.740834 102.046001 -0.060490 -0.490524 -0.041363 
212 27.498047 0.000000 -3.875601 105.127442 -0.162473 -2.617015 -0.105865 
213 25.481523 0.000000 -2.010367 106.979983 -0.117741 -3.823014 -0.145935 
214 25.481523 0.000000 3.585334 101.635905 -0.042187 1.838055 -0.033324 
215 25.481523 0.000000 1.720100 98.296223 -0.027755 -0.129905 0.033783 
216 27.498047 0.000000 3.585334 95.269903 -0.054943 1.629538 0.092099 
217 25.481523 0.000000 5.450567 100.886725 -0.052322 0.075292 -0.017814 
218 217.051250 0.000000 -57.967375 99.999650 0.001150 0.045691 0.000007 
219 217.051250 0.000000 -117.654850 100.000418 0.000586 0.012494 -0.000008 
220 281.580000 0.000000 -57.967375 99.999815 0.001131 0.045068 0.000003 
221 217.051250 0.000000 1.720100 99.998833 -0.041072 3.744972 -0.001379 
222 120.258125 0.000000 -28.123637 99.994403 -0.019655 0.166411 0.000109 
223 120.258125 0.000000 -57.967375 99.999983 0.001298 0.050490 0.000000 
224 152.522500 0.000000 -28.123637 99.997265 0.001986 0.159340 0.000052 
225 120.258125 0.000000 1.720100 99.987666 -0.067424 3.753053 -0.001162 
226 71.861562 0.000000 -13.201769 99.914164 0.027921 0.567531 0.001684 
227 71.861562 0.000000 -28.123637 99.984093 0.004094 0.235730 0.000313 
228 87.993750 0.000000 -13.201769 99.957736 -0.002409 0.461917 0.000824 
229 71.861562 0.000000 1.720100 99.829381 -0.017694 3.737897 0.002012 
230 47.663281 0.000000 -5.740834 100.093996 -0.042045 3.227757 -0.002923 
231 47.663281 0.000000 -13.201769 99.996026 0.051353 1.027667 -0.000026 
232 55.729375 0.000000 -5.740834 99.041547 0.297441 1.203084 0.018924 
233 47.663281 0.000000 1.720100 99.262118 0.078397 -2.520904 0.014067 
234 35.564141 0.000000 -2.010367 109.151499 -0.098212 2.672875 -0.192120 
235 35.564141 0.000000 -5.740834 110.415284 -0.128188 3.189479 -0.220172 
236 39.597187 0.000000 -2.010367 111.302811 -0.049335 3.881935 -0.240339 
237 35.564141 0.000000 1.720100 103.407940 -0.107937 -0.377628 -0.069336 
238 217.051250 0.000000 61.407575 99.998404 -0.001037 0.047303 0.000032 
239 281.580000 0.000000 61.407575 99.999272 -0.001078 0.047319 0.000014 
240 217.051250 0.000000 121.095050 99.998683 -0.000501 0.011766 0.000026 
241 120.258125 0.000000 31.563838 99.987446 -0.023487 0.175802 0.000248 
242 152.522500 0.000000 31.563838 99.994982 -0.001624 0.175119 0.000097 
243 120.258125 0.000000 61.407575 99.992718 -0.000791 0.043910 0.000145 
244 71.861562 0.000000 16.641969 99.876482 0.059207 0.529226 0.002440 
245 87.993750 0.000000 16.641969 99.950510 -0.013483 0.530718 0.000961 
246 71.861562 0.000000 31.563838 99.951049 0.044516 0.144652 0.000976 
247 47.663281 0.000000 9.181034 99.381415 0.002081 0.245923 0.012327 
248 55.729375 0.000000 9.181034 99.553807 0.081639 0.564683 0.008871 
249 47.663281 0.000000 16.641969 99.966698 0.016133 0.133144 0.000664 
250 35.564141 0.000000 5.450567 103.173510 -0.160714 -2.784466 -0.065255 
251 39.597187 0.000000 5.450567 102.974975 -0.009164 -1.194201 -0.060527 
252 35.564141 0.000000 9.181034 99.907778 -0.101745 0.013354 0.001843 
253 43.630234 0.000000 -2.010367 109.237521 -0.006368 3.999716 -0.194883 
254 43.630234 0.000000 -5.740834 100.072850 0.008526 2.129761 -0.001911 
255 47.663281 0.000000 -2.010367 100.543229 0.098065 2.981584 -0.011784 
256 43.630234 0.000000 1.720100 107.241136 -0.017254 -0.013706 -0.150066 
257 43.630234 0.000000 5.450567 109.058659 -0.032898 -3.597562 -0.190673 
258 47.663281 0.000000 5.450567 99.904431 -0.017421 -0.477264 0.001888 
259 43.630234 0.000000 9.181034 99.443235 0.238897 0.370700 0.011085 
260 63.795469 0.000000 -5.740834 99.673002 0.040644 0.947929 0.006439 
261 63.795469 0.000000 -13.201769 99.834744 0.019643 0.567585 0.003270 
262 71.861562 0.000000 -5.740834 99.848627 0.007806 0.871715 0.002949 
263 63.795469 0.000000 1.720100 99.541551 0.012772 3.731226 0.007756 
264 51.696328 0.000000 -2.010367 96.589276 -0.006971 3.150759 0.066058 
265 51.696328 0.000000 -5.740834 98.902131 -0.006228 2.192481 0.021356 
266 55.729375 0.000000 -2.010367 98.474723 0.100432 1.330641 0.030095 
267 51.696328 0.000000 1.720100 96.221464 0.006735 2.771402 0.073375 
268 45.646758 0.000000 -0.145134 107.451330 -0.008069 3.136980 -0.155563 
269 43.630234 0.000000 -0.145134 107.474367 -0.007863 3.180538 -0.156086 
270 45.646758 0.000000 -2.010367 103.718653 0.054109 3.376003 -0.076896 
271 47.663281 0.000000 -0.145134 38.500200 -0.040687 6.695948 0.847290 
272 45.646758 0.000000 1.720100 102.501941 0.033290 -1.112979 -0.050789 
273 63.795469 0.000000 9.181034 99.721560 0.045315 1.031285 0.005454 
274 71.861562 0.000000 9.181034 99.837886 0.066600 1.219565 0.003090 
275 63.795469 0.000000 16.641969 99.865148 0.022240 0.379766 0.002681 
276 51.696328 0.000000 5.450567 98.618050 -0.033981 0.888961 0.027369 
277 55.729375 0.000000 5.450567 99.084155 0.252094 1.461161 0.018013 
278 51.696328 0.000000 9.181034 99.671257 0.203808 0.253965 0.006553 
279 45.646758 0.000000 3.585334 107.523089 -0.017535 -1.465512 -0.156336 
280 43.630234 0.000000 3.585334 107.462779 -0.022144 -0.931644 -0.154912 
281 47.663281 0.000000 3.585334 100.386201 -0.001044 -3.870202 -0.009237 
282 45.646758 0.000000 5.450567 100.497443 0.043666 0.430593 -0.009992 
283 47.663281 0.000000 -20.662703 100.057354 -0.023264 0.495533 -0.001172 
284 47.663281 0.000000 -28.123637 100.068303 -0.027849 0.278830 -0.001374 
285 55.729375 0.000000 -20.662703 99.957369 -0.006266 0.444559 0.000833 
286 43.630234 0.000000 -9.471302 99.630541 0.241300 1.432654 0.007164 
287 39.597187 0.000000 -9.471302 100.214912 -0.125403 1.362515 -0.004490 
288 43.630234 0.000000 -13.201769 100.153141 -0.096499 0.976399 -0.003161 
289 47.663281 0.000000 -9.471302 99.504019 -0.039289 1.494195 0.009672 
290 45.646758 0.000000 -3.875601 109.551357 -0.001242 3.671993 -0.201498 
291 43.630234 0.000000 -3.875601 109.289105 -0.000868 3.668255 -0.195756 
292 45.646758 0.000000 -5.740834 100.574827 0.046591 2.480041 -0.012145 
293 47.663281 0.000000 -3.875601 100.914291 -0.034650 6.927401 -0.023168 
294 49.679805 0.000000 -0.145134 86.746898 0.016201 3.390821 0.246348 
295 49.679805 0.000000 -2.010367 92.698175 0.041424 7.328124 0.135335 
296 51.696328 0.000000 -0.145134 95.495887 0.003516 2.803684 0.087267 
297 49.679805 0.000000 1.720100 91.168616 0.047391 -1.162812 0.168693 
298 46.655020 0.000000 -1.077750 33.575125 0.142345 25.365145 0.822930 
299 45.646758 0.000000 -1.077750 103.932213 0.039074 3.938014 -0.081741 
300 46.655020 0.000000 -2.010367 84.404832 0.071123 8.030122 0.281134 
301 47.663281 0.000000 -1.077750 47.780214 -0.031836 29.560337 0.684324 
302 46.655020 0.000000 -0.145134 0.000000 0.325362 12.945326 0.983231 
303 51.696328 0.000000 -9.471302 99.426156 0.252746 1.256044 0.011280 
304 51.696328 0.000000 -13.201769 99.863429 0.015239 0.946893 0.002640 
305 55.729375 0.000000 -9.471302 99.568911 0.067973 1.094980 0.008483 
306 49.679805 0.000000 -3.875601 97.945368 0.022294 4.998580 0.038172 
307 49.679805 0.000000 -5.740834 99.182885 -0.028762 2.978282 0.015388 
308 51.696328 0.000000 -3.875601 98.070153 -0.125889 2.866780 0.037401 
309 46.655020 0.000000 -2.942984 103.977011 0.060370 3.244589 -0.082175 
310 45.646758 0.000000 -2.942984 105.521020 0.041719 3.374275 -0.114607 
311 46.655020 0.000000 -3.875601 102.723524 0.015491 5.057363 -0.057770 
312 47.663281 0.000000 -2.942984 101.481420 -0.026831 13.849585 -0.049029 
313 48.671543 0.000000 -1.077750 78.197315 -0.034072 12.670365 0.372464 
314 48.671543 0.000000 -2.010367 89.024372 -0.064314 14.349811 0.186874 
315 49.679805 0.000000 -1.077750 88.824718 0.050345 6.266342 0.207090 
316 48.671543 0.000000 -0.145134 72.582089 -0.032869 4.596135 0.471071 
317 47.159150 0.000000 -1.544059 27.665471 0.079149 27.239933 0.849260 
318 46.655020 0.000000 -1.544059 44.352173 0.071977 21.972012 0.755011 
319 47.159150 0.000000 -2.010367 71.526862 0.085517 11.203884 0.475837 
320 47.663281 0.000000 -1.544059 100.533854 0.107328 2.947043 -0.011575 
321 47.159150 0.000000 -1.077750 12.442923 0.168255 32.495520 0.878919 
322 41.613711 0.000000 -0.145134 107.153752 -0.013876 3.118898 -0.149165 
323 39.597187 0.000000 -0.145134 107.199902 -0.020278 3.253591 -0.150241 
324 41.613711 0.000000 -2.010367 110.020869 -0.024064 4.221941 -0.212242 
325 41.613711 0.000000 1.720100 106.984950 -0.026921 0.533180 -0.144606 
326 44.638496 0.000000 -1.077750 107.751114 -0.006255 3.426746 -0.162205 
327 43.630234 0.000000 -1.077750 108.472808 -0.011452 3.520343 -0.177874 
328 44.638496 0.000000 -2.010367 106.460511 0.020081 4.165570 -0.135119 
329 44.638496 0.000000 -0.145134 107.463897 -0.007954 3.161694 -0.155849 
330 46.150889 0.000000 -1.544059 102.705142 0.060200 3.354312 -0.055960 
331 45.646758 0.000000 -1.544059 103.359911 0.051459 3.448293 -0.069516 
332 46.150889 0.000000 -2.010367 101.761937 0.082519 3.077235 -0.036497 
333 46.150889 0.000000 -1.077750 103.270948 0.050109 3.464101 -0.067689 
334 48.671543 0.000000 -2.942984 96.441283 -0.020360 10.187643 0.059529 
335 48.671543 0.000000 -3.875601 98.810027 -0.030576 6.446299 0.019502 
336 49.679805 0.000000 -2.942984 96.031955 0.029955 6.436774 0.073643 
337 47.159150 0.000000 -2.476676 100.537947 0.087837 3.005835 -0.011692 
338 46.655020 0.000000 -2.476676 102.709804 0.067487 3.163696 -0.055932 
339 47.159150 0.000000 -2.942984 100.543119 0.098173 2.981180 -0.011782 
340 47.663281 0.000000 -2.476676 99.833576 -0.049260 22.975383 -0.049461 
341 46.907085 0.000000 -1.777213 17.380840 0.066264 27.399052 0.894719 
342 46.655020 0.000000 -1.777213 56.234788 0.071813 17.522493 0.653061 
343 46.907085 0.000000 -2.010367 42.784665 0.073780 20.304947 0.775718 
344 47.159150 0.000000 -1.777213 31.303268 0.076071 24.414302 0.842404 
345 46.907085 0.000000 -1.544059 30.287883 0.075493 26.624075 0.837380 
346 46.655020 0.000000 0.787483 34.886559 -0.069072 -18.056337 0.845689 
347 45.646758 0.000000 0.787483 104.038651 0.017554 1.322038 -0.082579 
348 47.663281 0.000000 0.787483 42.584792 -0.014983 -15.012618 0.796116 
349 46.655020 0.000000 1.720100 54.231342 0.013433 -13.947637 0.686442 
350 49.679805 0.000000 3.585334 97.176811 0.036448 -0.766950 0.055608 
351 51.696328 0.000000 3.585334 97.720578 -0.097253 1.700892 0.044779 
352 49.679805 0.000000 5.450567 98.963316 -0.023186 -0.095771 0.020625 
353 48.671543 0.000000 0.787483 75.358914 -0.029938 -4.171460 0.430363 
354 49.679805 0.000000 0.787483 87.740168 0.056595 0.454544 0.230145 
355 48.671543 0.000000 1.720100 85.155284 -0.058097 -8.435846 0.267741 
356 46.655020 0.000000 2.652717 101.349242 0.046739 -2.134747 -0.027623 
357 45.646758 0.000000 2.652717 102.882507 0.031605 -1.196692 -0.058624 
358 47.663281 0.000000 2.652717 99.744738 -0.005649 -13.304313 -0.012602 
359 46.655020 0.000000 3.585334 109.058659 -0.032898 -3.597562 -0.190673 
360 47.159150 0.000000 1.253792 20.934911 -0.059405 -23.949825 0.898813 
361 46.655020 0.000000 1.253792 40.132063 -0.040889 -18.436807 0.804950 
362 47.159150 0.000000 0.787483 11.159136 -0.103026 -24.303901 0.928478 
363 47.663281 0.000000 1.253792 51.984676 -0.011171 -26.776523 0.658061 
364 47.159150 0.000000 1.720100 30.041507 0.010080 -19.821617 0.870461 
365 47.159150 0.000000 0.321175 0.000000 -0.215644 -15.159762 0.977014 
366 46.655020 0.000000 0.321175 0.000000 -0.211027 -15.201572 0.976887 
367 47.159150 0.000000 -0.145134 0.000000 0.192654 6.858739 0.995292 
368 47.663281 0.000000 0.321175 38.994763 -0.022898 -3.892251 0.846426 
369 44.638496 0.000000 0.787483 107.340044 -0.009960 2.582781 -0.152856 
370 43.630234 0.000000 0.787483 107.173334 -0.011401 2.044090 -0.149030 
371 44.638496 0.000000 1.720100 105.334201 0.004313 0.632984 -0.109569 
372 46.150889 0.000000 0.321175 105.630724 0.010328 1.808730 -0.116112 
373 45.646758 0.000000 0.321175 107.396876 -0.008683 2.988498 -0.154302 
374 46.150889 0.000000 -0.145134 107.447031 -0.008110 3.127931 -0.155465 
375 46.150889 0.000000 0.787483 102.265574 0.027881 0.148534 -0.045827 
376 47.159150 0.000000 -0.611442 0.000000 0.354711 30.780541 0.905243 
377 46.655020 0.000000 -0.611442 24.214625 0.198490 25.992291 0.873801 
378 47.663281 0.000000 -0.611442 40.871666 -0.034450 17.587693 0.802018 
379 46.907085 0.000000 0.088021 0.000000 0.029822 -0.218922 0.999995 
380 46.655020 0.000000 0.088021 0.000000 0.080840 2.039374 0.999583 
381 46.907085 0.000000 -0.145134 0.000000 0.277670 10.404505 0.989167 
382 47.159150 0.000000 0.088021 0.000000 0.072997 1.694270 0.999712 
383 46.907085 0.000000 0.321175 0.000000 -0.224733 -14.399469 0.979260 
384 46.150889 0.000000 -0.611442 103.662787 0.040629 3.914946 -0.076130 
385 45.646758 0.000000 -0.611442 104.827502 0.024703 3.167550 -0.099884 
386 46.907085 0.000000 -0.378288 0.000000 0.434215 24.017588 0.942297 
387 46.655020 0.000000 -0.378288 0.000000 0.457424 24.818175 0.938385 
388 46.907085 0.000000 -0.611442 5.268663 0.363456 28.663079 0.915054 
389 47.159150 0.000000 -0.378288 0.000000 0.422172 23.350209 0.945459 
390 48.167412 0.000000 0.321175 59.355748 -0.032203 -1.795614 0.647367 
391 48.167412 0.000000 -0.145134 58.869417 -0.033877 5.577334 0.650328 
392 48.671543 0.000000 0.321175 72.916735 -0.031642 -0.010138 0.468315 
393 48.167412 0.000000 0.787483 62.919629 -0.029524 -8.831852 0.596312 
394 47.411216 0.000000 0.088021 25.719383 -0.014496 1.213694 0.933704 
395 47.411216 0.000000 -0.145134 25.784871 -0.012132 7.239962 0.928272 
396 47.663281 0.000000 0.088021 38.397630 -0.026672 1.415927 0.852362 
397 47.411216 0.000000 0.321175 26.284004 -0.000608 -4.799113 0.928612 
398 47.033118 0.000000 -0.028556 0.000000 0.143884 4.782580 0.997711 
399 46.907085 0.000000 -0.028556 0.000000 0.148156 4.966399 0.997531 
400 47.033118 0.000000 -0.145134 0.000000 0.244356 9.025431 0.991848 
401 47.159150 0.000000 -0.028556 0.000000 0.134534 4.379057 0.998081 
402 47.033118 0.000000 0.088021 0.000000 0.044221 0.421200 0.999982 
403 46.402954 0.000000 0.088021 106.855970 -0.015776 1.876285 -0.142172 
404 46.150889 0.000000 0.088021 107.423993 -0.008349 3.072808 -0.154936 
405 46.402954 0.000000 -0.145134 108.027298 -0.000755 4.287994 -0.168828 
406 46.402954 0.000000 0.321175 105.673890 0.000539 1.089596 -0.116816 
407 46.781052 0.000000 -0.028556 0.000000 0.140329 4.629335 0.997855 
408 46.655020 0.000000 -0.028556 0.000000 0.131880 4.264214 0.998180 
409 46.781052 0.000000 -0.145134 0.000000 0.222733 8.123461 0.993396 
410 46.781052 0.000000 0.088021 0.000000 0.055476 0.920309 0.999915 
411 46.907085 0.000000 0.554329 3.186290 -0.223697 -20.729336 0.956009 
412 46.655020 0.000000 0.554329 17.853019 -0.150528 -19.087432 0.931692 
413 47.159150 0.000000 0.554329 0.000000 -0.202624 -21.485398 0.953834 
414 46.907085 0.000000 0.787483 5.260228 -0.149463 -26.360857 0.927741 
415 47.033118 0.000000 0.204598 0.000000 -0.091492 -7.219402 0.994787 
416 46.907085 0.000000 0.204598 0.000000 -0.110462 -7.596645 0.994228 
417 47.159150 0.000000 0.204598 0.000000 -0.159706 -10.093712 0.989809 
418 47.033118 0.000000 0.321175 0.000000 -0.206902 -14.092425 0.980136 
419 46.970101 0.000000 0.029732 0.000000 0.089480 2.421882 0.999413 
420 46.907085 0.000000 0.029732 0.000000 0.088938 2.398249 0.999424 
421 46.970101 0.000000 -0.028556 0.000000 0.147628 4.943704 0.997554 
422 47.033118 0.000000 0.029732 0.000000 0.093322 2.589619 0.999329 
423 46.970101 0.000000 0.088021 0.000000 0.031669 -0.136756 0.999998 
424 46.781052 0.000000 0.204598 0.000000 -0.105312 -7.311246 0.994653 
425 46.655020 0.000000 0.204598 0.000000 -0.153806 -8.005398 0.993589 
426 46.781052 0.000000 0.321175 0.000000 -0.196826 -13.953829 0.980525 
427 46.844069 0.000000 0.029732 0.000000 0.092061 2.534597 0.999357 
428 46.781052 0.000000 0.029732 0.000000 0.096981 2.749100 0.999243 
429 46.844069 0.000000 -0.028556 0.000000 0.145112 4.835440 0.997660 
430 46.844069 0.000000 0.088021 0.000000 0.040199 0.242549 0.999994 
431 48.167412 0.000000 -0.611442 61.368074 -0.033057 12.873765 0.606822 
432 48.167412 0.000000 -1.077750 67.281865 -0.032543 19.372938 0.509784 
433 48.671543 0.000000 -0.611442 74.376435 -0.033568 9.053752 0.438617 
434 47.411216 0.000000 -0.378288 0.000000 0.260810 36.493792 0.866814 
435 47.411216 0.000000 -0.611442 0.000000 0.248529 34.423385 0.881497 
436 47.663281 0.000000 -0.378288 39.313902 -0.037542 12.052538 0.830915 
437 47.033118 0.000000 -0.261711 0.000000 0.424170 19.660107 0.961330 
438 46.907085 0.000000 -0.261711 0.000000 0.458408 20.345443 0.958585 
439 47.033118 0.000000 -0.378288 0.000000 0.443168 23.316831 0.945613 
440 47.159150 0.000000 -0.261711 0.000000 0.414641 20.547620 0.957762 
441 46.970101 0.000000 -0.086845 0.000000 0.208073 7.508879 0.994357 
442 46.907085 0.000000 -0.086845 0.000000 0.210001 7.589907 0.994235 
443 46.970101 0.000000 -0.145134 0.000000 0.272830 10.204914 0.989579 
444 47.033118 0.000000 -0.086845 0.000000 0.194993 6.958002 0.995155 
445 46.938593 0.000000 0.000588 0.000000 0.143978 3.515639 0.998762 
446 46.907085 0.000000 0.000588 0.000000 0.118370 3.681910 0.998643 
447 46.938593 0.000000 -0.028556 0.000000 0.148382 4.976107 0.997522 
448 46.970101 0.000000 0.000588 0.000000 0.118383 3.682372 0.998643 
449 46.938593 0.000000 0.029732 0.000000 0.088707 2.388139 0.999429 
450 46.402954 0.000000 -0.378288 105.303016 0.035361 3.803095 -0.110319 
451 46.150889 0.000000 -0.378288 104.875422 0.029030 4.089112 -0.101558 
452 46.402954 0.000000 -0.611442 63.037482 0.126779 16.152499 0.576536 
453 46.781052 0.000000 -0.261711 0.000000 0.402835 19.218418 0.963049 
454 46.655020 0.000000 -0.261711 0.000000 0.418118 19.677592 0.961262 
455 46.781052 0.000000 -0.378288 0.000000 0.435101 23.315206 0.945621 
456 46.844069 0.000000 -0.086845 0.000000 0.199177 7.134495 0.994906 
457 46.781052 0.000000 -0.086845 0.000000 0.183326 6.464530 0.995818 
458 46.844069 0.000000 -0.145134 0.000000 0.252823 9.377093 0.991201 
459 46.875577 0.000000 0.000588 0.000000 0.118397 3.682926 0.998642 
460 46.844069 0.000000 0.000588 0.000000 0.118442 3.684582 0.998641 
461 46.875577 0.000000 -0.028556 0.000000 0.146995 4.916478 0.997581 
462 46.875577 0.000000 0.029732 0.000000 0.090129 2.450230 0.999399 
463 46.938593 0.000000 -0.057701 0.000000 0.179081 6.285166 0.996046 
464 46.907085 0.000000 -0.057701 0.000000 0.178590 6.264317 0.996073 
465 46.938593 0.000000 -0.086845 0.000000 0.210834 7.624869 0.994182 
466 46.970101 0.000000 -0.057701 0.000000 0.177446 6.215719 0.996133 
467 46.922839 0.000000 -0.013984 0.000000 0.413459 9.709533 0.990555 
468 46.907085 0.000000 -0.013984 0.000000 0.133201 4.323281 0.998129 
469 46.922839 0.000000 -0.028556 0.000000 0.148393 4.976597 0.997521 
470 46.938593 0.000000 -0.013984 0.000000 0.409341 9.628736 0.990712 
471 46.922839 0.000000 0.000588 0.000000 0.143328 3.488776 0.998781 
472 -170.121250 0.000000 -177.342325 100.000523 0.000092 -0.000492 -0.000010 
473 -234.650000 0.000000 -177.342325 100.000257 0.000058 -0.000370 -0.000005 
474 -170.121250 0.000000 -237.029800 100.000553 0.000078 -0.000216 -0.000011 
475 217.051250 0.000000 -177.342325 100.000671 0.000371 0.005658 -0.000013 
476 217.051250 0.000000 -237.029800 100.000648 0.000261 0.003100 -0.000013 
477 281.580000 0.000000 -177.342325 100.000333 0.000377 0.005572 -0.000007 
478 -73.328125 0.000000 -87.811112 100.001160 0.000480 -0.003453 -0.000023 
479 -105.592500 0.000000 -87.811112 100.000270 0.000287 -0.002254 -0.000005 
480 -73.328125 0.000000 -117.654850 100.001870 0.000328 -0.001858 -0.000037 
481 120.258125 0.000000 -87.811112 100.002382 0.000870 0.023733 -0.000048 
482 120.258125 0.000000 -117.654850 100.002693 0.000618 0.013089 -0.000054 
483 152.522500 0.000000 -87.811112 100.000855 0.000823 0.022737 -0.000017 
484 -24.931563 0.000000 -43.045506 100.006057 0.030856 -0.040310 -0.000121 
485 -41.063750 0.000000 -43.045506 99.994986 0.021748 -0.021596 0.000100 
486 -24.931563 0.000000 -57.967375 100.007390 0.019674 -0.021214 -0.000148 
487 71.861562 0.000000 -43.045506 100.020399 0.075971 0.117521 -0.000410 
488 71.861562 0.000000 -57.967375 100.017816 -0.019299 0.062491 -0.000357 
489 87.993750 0.000000 -43.045506 100.002567 -0.031336 0.101300 -0.000052 
490 -0.733281 0.000000 -20.662703 99.946614 0.058488 -0.235494 0.001062 
491 -8.799375 0.000000 -20.662703 99.935153 -0.061536 -0.157273 0.001294 
492 -0.733281 0.000000 -28.123637 100.000065 0.035155 -0.117957 -0.000003 
493 -16.865469 0.000000 -20.662703 99.941854 -0.035035 -0.091673 0.001162 
494 -24.931563 0.000000 -20.662703 99.957218 -0.015655 -0.050961 0.000855 
495 -16.865469 0.000000 -28.123637 99.980273 0.044665 -0.083886 0.000394 
496 11.365859 0.000000 -9.471302 100.204847 0.079209 -1.118904 -0.004227 
497 7.332812 0.000000 -9.471302 99.925135 0.071895 -1.108045 0.001373 
498 11.365859 0.000000 -13.201769 100.172442 0.078620 -0.626581 -0.003492 
499 -16.865469 0.000000 9.181034 99.842977 -0.015322 0.042003 0.003138 
500 -24.931563 0.000000 9.181034 99.908874 -0.007543 0.011031 0.001822 
501 -16.865469 0.000000 16.641969 99.893692 0.001560 0.056663 0.002125 
502 -4.766328 0.000000 5.450567 99.389334 0.086837 0.344768 0.012163 
503 -8.799375 0.000000 5.450567 99.624694 0.012161 0.124347 0.007490 
504 -4.766328 0.000000 9.181034 99.621611 0.037702 0.325665 0.007543 
505 35.564141 0.000000 -9.471302 100.560885 -0.112034 1.328672 -0.011427 
506 35.564141 0.000000 -13.201769 100.452572 -0.069442 0.781297 -0.009133 
507 21.448477 0.000000 -0.145134 107.702563 -0.027471 -0.650137 -0.160027 
508 19.431953 0.000000 -0.145134 106.255912 -0.026270 -0.367397 -0.129045 
509 23.465000 0.000000 -0.145134 104.447363 -0.039831 -2.772897 -0.091694 
510 25.481523 0.000000 -0.145134 107.084522 -0.084312 -3.335671 -0.147823 
511 27.498047 0.000000 -0.145134 -19.847528 -0.000506 0.231963 0.960602 
512 63.795469 0.000000 -20.662703 99.939910 -0.003526 0.371738 0.001188 
513 63.795469 0.000000 -28.123637 99.988796 -0.006716 0.247524 0.000218 
514 71.861562 0.000000 -20.662703 99.954770 0.030996 0.350773 0.000892 
515 41.613711 0.000000 -3.875601 110.780905 -0.026356 3.823673 -0.228703 
516 39.597187 0.000000 -3.875601 111.840989 -0.046593 3.906027 -0.252367 
517 41.613711 0.000000 -5.740834 112.555700 -0.064763 3.601360 -0.268176 
518 41.613711 0.000000 3.585334 104.467868 -0.008593 -0.033298 -0.091354 
519 39.597187 0.000000 3.585334 103.006806 -0.007294 0.385672 -0.061055 
520 41.613711 0.000000 5.450567 106.324436 -0.047673 -3.313941 -0.131587 
521 44.638496 0.000000 2.652717 106.384091 -0.006727 0.221082 -0.131762 
522 43.630234 0.000000 2.652717 107.255589 -0.020736 -0.480435 -0.150399 
523 44.638496 0.000000 3.585334 107.646356 -0.017770 -0.383520 -0.158789 
524 44.638496 0.000000 -2.942984 108.515382 -0.000878 4.071791 -0.179217 
525 43.630234 0.000000 -2.942984 109.266350 -0.010075 3.959086 -0.195481 
526 44.638496 0.000000 -3.875601 109.458123 -0.000928 3.657132 -0.199446 
527 46.150889 0.000000 -2.476676 103.462193 0.060027 3.223872 -0.071482 
528 45.646758 0.000000 -2.476676 104.023502 0.049180 3.515144 -0.083325 
529 46.150889 0.000000 -2.942984 103.840913 0.055447 3.246064 -0.079348 
530 48.167412 0.000000 -1.544059 76.734163 -0.032670 23.211626 0.357309 
531 48.167412 0.000000 -2.010367 87.222750 -0.034043 22.050936 0.190595 
532 48.671543 0.000000 -1.544059 83.491274 -0.034669 14.588637 0.281638 
533 48.167412 0.000000 -2.476676 94.580330 -0.055455 17.241858 0.075728 
534 48.167412 0.000000 -2.942984 98.060186 -0.023576 12.504108 0.022785 
535 48.671543 0.000000 -2.476676 93.537486 -0.012599 12.516925 0.109407 
536 46.150889 0.000000 1.253792 101.789273 0.034810 -0.239782 -0.036111 
537 45.646758 0.000000 1.253792 102.313589 0.027700 0.305449 -0.046816 
538 46.150889 0.000000 1.720100 101.082670 0.048475 -0.960313 -0.021863 
539 48.671543 0.000000 2.652717 94.229899 -0.004858 -6.025391 0.108442 
540 49.679805 0.000000 2.652717 94.810095 0.040364 -1.246111 0.100949 
541 48.671543 0.000000 3.585334 97.870795 -0.011291 -2.774874 0.041361 
542 48.167412 0.000000 1.253792 70.012259 -0.027045 -14.547622 0.488665 
543 48.671543 0.000000 1.253792 79.695516 -0.028071 -7.209203 0.359665 
544 48.167412 0.000000 1.720100 80.108313 -0.025104 -16.818221 0.329981 
545 47.411216 0.000000 0.554329 0.000000 -0.148420 -28.040661 0.921370 
546 47.663281 0.000000 0.554329 40.319119 -0.018476 -9.296157 0.828795 
547 47.411216 0.000000 0.787483 0.000000 -0.148893 -28.049664 0.921319 
548 46.402954 0.000000 0.554329 62.573824 -0.041642 -10.736160 0.596925 
549 46.150889 0.000000 0.554329 102.477539 0.023681 0.735626 -0.050219 
550 46.402954 0.000000 0.787483 62.754561 -0.039817 -10.737953 0.594656 
551 46.875577 0.000000 -0.057701 0.000000 0.176079 6.157666 0.996205 
552 46.844069 0.000000 -0.057701 0.000000 0.172051 5.986369 0.996413 
553 46.875577 0.000000 -0.086845 0.000000 0.205790 7.412915 0.994501 
554 3.299766 0.000000 -9.471302 99.663582 -0.014252 -0.927786 0.006631 
555 -0.733281 0.000000 -9.471302 99.575465 0.080410 -0.599619 0.008436 
556 3.299766 0.000000 -13.201769 99.860936 0.012800 -0.575358 0.002746 
557 -4.766328 0.000000 -9.471302 99.657745 0.046369 -0.340041 0.006822 
558 -8.799375 0.000000 -9.471302 99.720693 0.009370 -0.170254 0.005575 
559 -4.766328 0.000000 -13.201769 99.808134 0.054616 -0.295797 0.003825 
1 19 21 9 22 
2 20 19 22 4 
3 28 29 3 30 
4 21 28 30 9 
5 35 37 21 38 
6 36 35 38 19 
7 44 45 28 46 
8 37 44 46 21 
9 51 53 37 54 
10 52 51 54 35 
11 11 62 60 61 
12 62 10 24 60 
13 60 24 14 63 
14 61 60 63 6 
15 24 66 64 65 
16 66 23 40 64 
17 64 40 27 67 
18 65 64 67 14 
19 40 70 68 69 
20 69 68 71 27 
21 72 73 44 74 
22 53 72 74 37 
23 75 77 53 78 
24 76 75 78 51 
25 6 63 92 93 
26 63 14 36 92 
27 92 36 19 94 
28 93 92 94 20 
29 14 67 95 96 
30 67 27 52 95 
31 95 52 35 97 
32 96 95 97 36 
33 27 71 98 99 
34 98 76 51 100 
35 99 98 100 52 
36 101 103 75 104 
37 102 101 104 76 
38 79 107 105 106 
39 107 82 108 105 
40 68 112 110 111 
41 112 56 80 110 
42 110 80 43 113 
43 111 110 113 71 
44 80 116 114 115 
45 116 79 106 114 
46 114 106 83 117 
47 115 114 117 43 
48 118 119 72 120 
49 77 118 120 53 
50 121 122 77 123 
51 103 121 123 75 
52 83 109 124 125 
53 109 59 126 124 
54 124 126 103 127 
55 125 124 127 101 
56 106 130 128 129 
57 130 105 131 128 
58 128 131 109 132 
59 129 128 132 83 
60 82 134 133 108 
61 134 88 135 133 
62 133 135 91 136 
63 108 133 136 59 
64 105 138 137 131 
65 138 108 139 137 
66 137 139 59 140 
67 131 137 140 109 
68 59 136 141 126 
69 136 91 142 141 
70 141 142 121 143 
71 126 141 143 103 
72 88 149 148 135 
73 135 148 151 91 
74 152 153 118 154 
75 122 152 154 77 
76 91 151 155 142 
77 155 156 122 157 
78 142 155 157 121 
79 12 160 158 159 
80 160 7 161 158 
81 158 161 13 25 
82 159 158 25 10 
83 25 164 162 163 
84 164 13 165 162 
85 162 165 26 41 
86 163 162 41 23 
87 41 168 166 167 
88 168 26 169 166 
89 166 169 42 57 
90 167 166 57 39 
91 57 172 170 171 
92 172 42 173 170 
93 170 173 58 89 
94 171 170 89 55 
95 89 176 174 175 
96 176 58 177 174 
97 174 177 90 149 
98 175 174 149 88 
99 179 144 180 178 
100 178 180 147 181 
101 149 184 182 183 
102 184 90 185 182 
103 182 185 150 186 
104 183 182 186 148 
105 181 147 188 187 
106 187 188 152 189 
107 156 187 189 122 
108 151 192 190 191 
109 192 5 193 190 
110 190 193 156 194 
111 191 190 194 155 
112 7 196 195 161 
113 196 16 197 195 
114 195 197 15 32 
115 161 195 32 13 
116 13 199 198 165 
117 199 32 200 198 
118 198 200 31 48 
119 165 198 48 26 
120 26 202 201 169 
121 202 48 203 201 
122 201 203 47 85 
123 169 201 85 42 
124 42 205 204 173 
125 205 85 206 204 
126 204 206 84 145 
127 173 204 145 58 
128 58 208 207 177 
129 208 145 209 207 
130 207 209 144 179 
131 177 207 179 90 
132 90 211 210 185 
133 211 179 212 210 
134 210 212 178 213 
135 185 210 213 150 
136 5 215 214 193 
137 215 181 216 214 
138 214 216 187 217 
139 193 214 217 156 
140 15 219 218 33 
141 219 17 220 218 
142 218 220 8 221 
143 33 218 221 18 
144 31 223 222 49 
145 223 33 224 222 
146 222 224 18 225 
147 49 222 225 34 
148 227 49 228 226 
149 226 228 34 229 
150 144 235 234 180 
151 235 146 236 234 
152 234 236 87 237 
153 180 234 237 147 
154 18 221 238 45 
155 221 8 239 238 
156 238 239 29 240 
157 45 238 240 28 
158 34 225 241 73 
159 225 18 242 241 
160 241 242 45 243 
161 73 241 243 44 
162 229 34 245 244 
163 244 245 73 246 
164 119 244 246 72 
165 247 248 119 249 
166 153 247 249 118 
167 147 237 250 188 
168 237 87 251 250 
169 250 251 153 252 
170 188 250 252 152 
171 257 258 247 259 
172 251 257 259 153 
173 86 261 260 232 
174 261 226 262 260 
175 260 262 229 263 
176 232 260 263 50 
177 265 232 266 264 
178 264 266 50 267 
179 50 263 273 248 
180 263 229 274 273 
181 273 274 244 275 
182 248 273 275 119 
183 267 50 277 276 
184 276 277 248 278 
185 258 276 278 247 
186 279 281 258 282 
187 280 279 282 257 
188 85 284 283 206 
189 284 47 285 283 
190 283 285 86 231 
191 206 283 231 84 
192 84 288 286 287 
193 288 231 289 286 
194 286 289 230 254 
195 287 286 254 146 
196 254 292 290 291 
197 292 230 293 290 
198 295 264 296 294 
199 294 296 267 297 
200 231 304 303 289 
201 304 86 305 303 
202 303 305 232 265 
203 289 303 265 230 
204 230 307 306 293 
205 307 265 308 306 
206 306 308 264 295 
207 290 311 309 310 
208 311 293 312 309 
209 314 295 315 313 
210 313 315 294 316 
211 319 255 320 317 
212 317 320 301 321 
213 318 317 321 298 
214 236 324 322 323 
215 324 253 269 322 
216 322 269 256 325 
217 323 322 325 87 
218 253 328 326 327 
219 328 270 299 326 
220 326 299 268 329 
221 327 326 329 269 
222 270 332 330 331 
223 332 300 318 330 
224 330 318 298 333 
225 331 330 333 299 
226 293 335 334 312 
227 335 306 336 334 
228 334 336 295 314 
229 309 339 337 338 
230 339 312 340 337 
231 337 340 255 319 
232 338 337 319 300 
233 300 343 341 342 
234 343 319 344 341 
235 341 344 317 345 
236 342 341 345 318 
237 297 267 351 350 
238 350 351 276 352 
239 281 350 352 258 
240 316 294 354 353 
241 353 354 297 355 
242 272 349 356 357 
243 349 233 358 356 
244 356 358 281 359 
245 357 356 359 279 
246 346 362 360 361 
247 362 348 363 360 
248 360 363 233 364 
249 361 360 364 349 
250 269 329 369 370 
251 329 268 347 369 
252 369 347 272 371 
253 370 369 371 256 
254 268 374 372 373 
255 373 372 375 347 
256 298 321 376 377 
257 321 301 378 376 
258 299 333 384 385 
259 333 298 377 384 
260 385 384 374 268 
261 377 388 386 387 
262 388 376 389 386 
263 271 391 390 368 
264 391 316 392 390 
265 390 392 353 393 
266 368 390 393 348 
267 367 395 394 382 
268 395 271 396 394 
269 394 396 368 397 
270 382 394 397 365 
271 400 367 401 398 
272 398 401 382 402 
273 374 405 403 404 
274 405 302 380 403 
275 403 380 366 406 
276 404 403 406 372 
277 302 409 407 408 
278 408 407 410 380 
279 366 383 411 412 
280 383 365 413 411 
281 411 413 362 414 
282 412 411 414 346 
283 379 402 415 416 
284 402 382 417 415 
285 415 417 365 418 
286 416 415 418 383 
287 421 398 422 419 
288 419 422 402 423 
289 420 419 423 379 
290 380 410 424 425 
291 410 379 416 424 
292 424 416 383 426 
293 425 424 426 366 
294 407 429 427 428 
295 427 420 379 430 
296 428 427 430 410 
297 301 432 431 378 
298 432 313 433 431 
299 431 433 316 391 
300 378 431 391 271 
301 376 435 434 389 
302 435 378 436 434 
303 434 436 271 395 
304 389 434 395 367 
305 386 439 437 438 
306 439 389 440 437 
307 437 440 367 400 
308 438 437 400 381 
309 381 443 441 442 
310 443 400 444 441 
311 441 444 398 421 
312 447 421 448 445 
313 445 448 419 449 
314 446 445 449 420 
315 384 452 450 451 
316 452 377 387 450 
317 450 387 302 405 
318 451 450 405 374 
319 387 455 453 454 
320 455 386 438 453 
321 453 438 381 409 
322 454 453 409 302 
323 409 458 456 457 
324 458 381 442 456 
325 457 456 429 407 
326 429 461 459 460 
327 461 399 446 459 
328 459 446 420 462 
329 460 459 462 427 
330 442 465 463 464 
331 465 441 466 463 
332 463 466 421 447 
333 464 463 447 399 
334 399 469 467 468 
335 469 447 470 467 
336 467 470 445 471 
337 468 467 471 446 
338 1 474 472 473 
339 474 12 159 472 
340 472 159 10 62 
341 473 472 62 11 
342 16 476 475 197 
343 476 2 477 475 
344 475 477 17 219 
345 197 475 219 15 
346 10 480 478 479 
347 480 25 163 478 
348 478 163 23 66 
349 479 478 66 24 
350 32 482 481 200 
351 482 15 483 481 
352 481 483 33 223 
353 200 481 223 31 
354 23 486 484 485 
355 486 41 167 484 
356 484 167 39 70 
357 485 484 70 40 
358 48 488 487 203 
359 488 31 489 487 
360 487 489 49 227 
361 203 487 227 47 
362 39 492 490 491 
363 492 57 171 490 
364 490 171 55 81 
365 491 490 81 56 
366 70 495 493 494 
367 495 39 491 493 
368 493 491 56 112 
369 494 493 112 68 
370 55 498 496 497 
371 498 89 175 496 
372 496 175 88 134 
373 497 496 134 82 
374 71 113 499 500 
375 113 43 102 499 
376 499 102 76 501 
377 500 499 501 98 
378 43 117 502 503 
379 117 83 125 502 
380 502 125 101 504 
381 503 502 504 102 
382 145 506 505 209 
383 506 84 287 505 
384 505 287 146 235 
385 209 505 235 144 
386 148 186 507 508 
387 186 150 509 507 
388 507 509 5 192 
389 508 507 192 151 
390 150 213 510 509 
391 213 178 511 510 
392 510 511 181 215 
393 509 510 215 5 
394 47 513 512 285 
395 513 227 514 512 
396 512 514 226 261 
397 285 512 261 86 
398 146 517 515 516 
399 517 254 291 515 
400 515 291 253 324 
401 516 515 324 236 
402 87 325 518 519 
403 325 256 280 518 
404 518 280 257 520 
405 519 518 520 251 
406 256 371 521 522 
407 371 272 357 521 
408 521 357 279 523 
409 522 521 523 280 
410 291 526 524 525 
411 526 290 310 524 
412 524 310 270 328 
413 525 524 328 253 
414 310 529 527 528 
415 529 309 338 527 
416 527 338 300 332 
417 528 527 332 270 
418 255 531 530 320 
419 531 314 532 530 
420 530 532 313 432 
421 320 530 432 301 
422 312 534 533 340 
423 534 334 535 533 
424 533 535 314 531 
425 340 533 531 255 
426 347 375 536 537 
427 375 346 361 536 
428 536 361 349 538 
429 537 536 538 272 
430 233 355 539 358 
431 355 297 540 539 
432 539 540 350 541 
433 358 539 541 281 
434 348 393 542 363 
435 393 353 543 542 
436 542 543 355 544 
437 363 542 544 233 
438 365 397 545 413 
439 397 368 546 545 
440 545 546 348 547 
441 413 545 547 362 
442 372 406 548 549 
443 406 366 412 548 
444 548 412 346 550 
445 549 548 550 375 
446 456 553 551 552 
447 553 442 464 551 
448 551 464 399 461 
449 552 551 461 429 
450 81 556 554 555 
451 556 55 497 554 
452 554 497 82 107 
453 555 554 107 79 
454 56 559 557 558 
455 559 81 555 557 
456 557 555 79 116 
457 558 557 116 80 
