2 0.000000 100.000000 178.105148
25 16 
1 -213.943881 0.000000 -224.819368 99.619470 0.000000 8.715574 0.015276 
2 279.589215 0.000000 -224.819368 99.633177 0.009460 8.708811 0.014988 
3 279.589215 0.000000 233.731852 99.608399 -0.010641 8.704795 0.015480 
4 -213.943881 0.000000 233.731852 99.619470 0.000000 8.715574 0.015276 
5 32.822667 0.000000 4.456242 101.387335 0.000000 7.864419 -0.021584 
6 -213.943881 0.000000 4.456242 99.619470 0.000000 8.715574 0.015276 
7 32.822667 0.000000 -224.819368 99.619470 0.000000 8.715574 0.015276 
8 279.589215 0.000000 4.456242 99.755525 0.067493 7.166026 0.010055 
9 32.822667 0.000000 233.731852 99.619470 0.000000 8.715574 0.015276 
10 -90.560607 0.000000 -110.181563 99.619470 0.000000 8.715574 0.015276 
11 -213.943881 0.000000 -110.181563 99.619470 0.000000 8.715574 0.015276 
12 -90.560607 0.000000 -224.819368 99.619470 0.000000 8.715574 0.015276 
13 32.822667 0.000000 -110.181563 99.619470 0.000000 8.715574 0.015276 
14 -90.560607 0.000000 4.456242 99.619470 0.000000 8.715574 0.015276 
15 156.205941 0.000000 -110.181563 99.686799 0.026017 8.699830 0.013892 
16 156.205941 0.000000 -224.819368 99.619470 0.000000 8.715574 0.015276 
17 279.589215 0.000000 -110.181563 99.627750 0.012875 8.666912 0.015023 
18 156.205941 0.000000 4.456242 99.687097 0.100962 7.965121 0.012651 
19 156.205941 0.000000 119.094047 99.558721 -0.000201 8.689665 0.016454 
20 32.822667 0.000000 119.094047 99.619470 0.000000 8.715574 0.015276 
21 279.589215 0.000000 119.094047 99.623909 -0.017994 8.630838 0.015038 
22 156.205941 0.000000 233.731852 99.619470 0.000000 8.715574 0.015276 
23 -90.560607 0.000000 119.094047 99.619470 0.000000 8.715574 0.015276 
24 -213.943881 0.000000 119.094047 99.619470 0.000000 8.715574 0.015276 
25 -90.560607 0.000000 233.731852 99.619470 0.000000 8.715574 0.015276 
1 1 12 10 11 
2 12 7 13 10 
3 10 13 5 14 
4 11 10 14 6 
5 7 16 15 13 
6 16 2 17 15 
7 15 17 8 18 
8 13 15 18 5 
9 5 18 19 20 
10 18 8 21 19 
11 19 21 3 22 
12 20 19 22 9 
13 6 14 23 24 
14 14 5 20 23 
15 23 20 9 25 
16 24 23 25 4 
