2 0.000000 100.000000 211.018442
25 16 
1 -180.237465 0.000000 -220.469468 99.617955 -0.000000 8.716208 0.000029 
2 287.513550 0.000000 -220.469468 99.619039 -0.000000 8.702201 0.000032 
3 287.513550 0.000000 227.666535 99.622294 -0.000000 8.698238 -0.000026 
4 -180.237465 0.000000 227.666535 99.621137 -0.000000 8.716165 -0.000034 
5 53.638043 0.000000 3.598533 98.975893 -0.000011 12.487875 0.004783 
6 -180.237465 0.000000 3.598533 99.619587 -0.000000 8.716842 -0.000005 
7 53.638043 0.000000 -220.469468 99.607545 -0.000000 8.707819 0.000251 
8 287.513550 0.000000 3.598533 99.692856 0.000056 7.874896 -0.000068 
9 53.638043 0.000000 227.666535 99.631781 -0.000000 8.707755 -0.000232 
10 -63.299711 0.000000 -108.435467 99.613031 -0.000000 8.718169 0.000124 
11 -180.237465 0.000000 -108.435467 99.618475 -0.000000 8.716639 0.000018 
12 -63.299711 0.000000 -220.469468 99.614037 -0.000000 8.715771 0.000108 
13 53.638043 0.000000 -108.435467 99.571825 0.000000 8.682126 0.001007 
14 -63.299711 0.000000 3.598533 99.619998 -0.000000 8.720899 -0.000020 
15 170.575796 0.000000 -108.435467 99.617990 -0.000000 8.661324 0.000124 
16 170.575796 0.000000 -220.469468 99.615366 -0.000000 8.701403 0.000106 
17 287.513550 0.000000 -108.435467 99.622251 -0.000000 8.670443 0.000023 
18 170.575796 0.000000 3.598533 99.556612 0.000107 9.426105 -0.000037 
19 170.575796 0.000000 115.632534 99.630023 -0.000001 8.651838 -0.000100 
20 53.638043 0.000000 115.632534 99.665389 -0.000000 8.684715 -0.000861 
21 287.513550 0.000000 115.632534 99.626848 -0.000001 8.640379 -0.000017 
22 170.575796 0.000000 227.666535 99.625489 -0.000000 8.700016 -0.000093 
23 -63.299711 0.000000 115.632534 99.626435 -0.000000 8.717924 -0.000143 
24 -180.237465 0.000000 115.632534 99.620670 -0.000000 8.716606 -0.000026 
25 -63.299711 0.000000 227.666535 99.625130 -0.000000 8.715629 -0.000113 
1 1 12 10 11 
2 12 7 13 10 
3 10 13 5 14 
4 11 10 14 6 
5 7 16 15 13 
6 16 2 17 15 
7 15 17 8 18 
8 13 15 18 5 
9 5 18 19 20 
10 18 8 21 19 
11 19 21 3 22 
12 20 19 22 9 
13 6 14 23 24 
14 14 5 20 23 
15 23 20 9 25 
16 24 23 25 4 
