2 0.000000 100.000000 211.018442
25 16 
1 -180.237465 0.000000 -220.469468 99.984426 -0.000000 1.745375 0.000007 
2 287.513550 0.000000 -220.469468 99.984510 -0.000000 1.741965 0.000006 
3 287.513550 0.000000 227.666535 99.985128 -0.000000 1.742002 -0.000006 
4 -180.237465 0.000000 227.666535 99.985117 -0.000000 1.745370 -0.000007 
5 53.638043 0.000000 3.598533 99.828268 -0.000002 2.617290 0.002747 
6 -180.237465 0.000000 3.598533 99.984777 -0.000000 1.745516 -0.000000 
7 53.638043 0.000000 -220.469468 99.982099 -0.000000 1.743488 0.000054 
8 287.513550 0.000000 3.598533 99.966693 0.000810 2.781823 -0.000108 
9 53.638043 0.000000 227.666535 99.987317 -0.000000 1.743595 -0.000050 
10 -63.299711 0.000000 -108.435467 99.983307 -0.000000 1.745794 0.000029 
11 -180.237465 0.000000 -108.435467 99.984537 -0.000000 1.745470 0.000005 
12 -63.299711 0.000000 -220.469468 99.983553 -0.000000 1.745270 0.000024 
13 53.638043 0.000000 -108.435467 99.974084 -0.000000 1.737648 0.000216 
14 -63.299711 0.000000 3.598533 99.984817 -0.000000 1.746402 -0.000001 
15 170.575796 0.000000 -108.435467 99.983796 -0.000001 1.732042 0.000024 
16 170.575796 0.000000 -220.469468 99.983737 -0.000000 1.741971 0.000022 
17 287.513550 0.000000 -108.435467 99.984771 -0.000001 1.732784 0.000004 
18 170.575796 0.000000 3.598533 99.964907 0.000500 2.883779 -0.000130 
19 170.575796 0.000000 115.632534 99.986118 -0.000001 1.733201 -0.000023 
20 53.638043 0.000000 115.632534 99.994321 -0.000000 1.738647 -0.000189 
21 287.513550 0.000000 115.632534 99.985184 -0.000001 1.733081 -0.000004 
22 170.575796 0.000000 227.666535 99.985857 -0.000000 1.742119 -0.000021 
23 -63.299711 0.000000 115.632534 99.986236 -0.000000 1.745758 -0.000030 
24 -180.237465 0.000000 115.632534 99.985014 -0.000000 1.745465 -0.000005 
25 -63.299711 0.000000 227.666535 99.985963 -0.000000 1.745259 -0.000024 
1 1 12 10 11 
2 12 7 13 10 
3 10 13 5 14 
4 11 10 14 6 
5 7 16 15 13 
6 16 2 17 15 
7 15 17 8 18 
8 13 15 18 5 
9 5 18 19 20 
10 18 8 21 19 
11 19 21 3 22 
12 20 19 22 9 
13 6 14 23 24 
14 14 5 20 23 
15 23 20 9 25 
16 24 23 25 4 
