2 0.000000 100.000000 211.018442
62 43 
1 -144.530000 0.000000 -163.870000 99.615436 0.000000 8.717361 0.000077 
2 207.520000 0.000000 -163.870000 99.618048 -0.000000 8.677582 0.000094 
3 207.520000 0.000000 167.670000 99.628083 0.000003 8.661888 -0.000078 
4 -144.530000 0.000000 167.670000 99.623971 0.000000 8.717289 -0.000093 
5 31.495000 0.000000 1.900000 99.753839 -0.000027 0.000000 0.004917 
6 -144.530000 0.000000 1.900000 99.619756 0.000000 8.719010 -0.000012 
7 31.495000 0.000000 -163.870000 99.585471 -0.000000 8.695375 0.000712 
8 207.520000 0.000000 1.900000 99.891450 -0.001523 5.601911 -0.000968 
9 31.495000 0.000000 167.670000 99.657005 0.000001 8.693344 -0.000709 
10 119.507500 0.000000 -80.985000 99.611184 -0.000007 8.562512 0.000430 
11 31.495000 0.000000 -80.985000 99.467183 -0.000003 8.633878 0.003174 
12 119.507500 0.000000 -163.870000 99.606888 -0.000000 8.675561 0.000320 
13 207.520000 0.000000 -80.985000 99.626954 -0.000005 8.590276 0.000068 
14 119.507500 0.000000 1.900000 100.119461 -0.002307 2.967998 -0.003272 
15 -56.517500 0.000000 -80.985000 99.603264 0.000000 8.722680 0.000310 
16 -144.530000 0.000000 -80.985000 99.616858 0.000000 8.718477 0.000047 
17 -56.517500 0.000000 -163.870000 99.605044 0.000000 8.716472 0.000286 
18 -56.517500 0.000000 1.900000 99.620563 0.000000 8.732785 -0.000052 
19 119.507500 0.000000 84.785000 99.655766 0.000018 8.503994 -0.000359 
20 31.495000 0.000000 84.785000 99.784972 0.000008 8.626526 -0.003146 
21 207.520000 0.000000 84.785000 99.643830 0.000023 8.463978 -0.000053 
22 119.507500 0.000000 167.670000 99.638239 0.000003 8.667726 -0.000291 
23 75.501250 0.000000 -39.542500 99.589457 -0.000083 8.144347 0.001561 
24 31.495000 0.000000 -39.542500 99.136569 0.002088 8.399545 0.010139 
25 75.501250 0.000000 -80.985000 99.559282 -0.000007 8.552501 0.001480 
26 119.507500 0.000000 -39.542500 99.645602 -0.000056 8.228566 0.000304 
27 75.501250 0.000000 1.900000 100.256885 0.009601 1.326314 -0.005320 
28 -56.517500 0.000000 84.785000 99.637469 0.000000 8.722404 -0.000371 
29 -144.530000 0.000000 84.785000 99.622623 0.000000 8.718432 -0.000068 
30 -56.517500 0.000000 167.670000 99.635091 0.000000 8.716157 -0.000312 
31 -12.511250 0.000000 -39.542500 99.546460 -0.000001 8.745785 0.001401 
32 -56.517500 0.000000 -39.542500 99.607441 0.000000 8.729867 0.000215 
33 -12.511250 0.000000 -80.985000 99.554281 -0.000000 8.721689 0.001288 
34 -12.511250 0.000000 1.900000 99.623454 0.000001 8.774200 -0.000182 
35 75.501250 0.000000 43.342500 99.750504 0.000102 7.952731 -0.001341 
36 31.495000 0.000000 43.342500 100.147897 0.000058 8.374837 -0.009974 
37 119.507500 0.000000 43.342500 99.709950 0.000124 7.807268 -0.000303 
38 75.501250 0.000000 84.785000 99.703270 0.000015 8.523869 -0.001340 
39 53.498125 0.000000 -18.821250 99.469858 -0.000472 6.791521 0.005962 
40 31.495000 0.000000 -18.821250 98.166401 -0.000094 7.593935 0.030569 
41 53.498125 0.000000 -39.542500 99.416563 0.003274 8.133436 0.005019 
42 75.501250 0.000000 -18.821250 99.700700 -0.000253 7.047616 0.001010 
43 53.498125 0.000000 1.900000 100.062057 0.002335 1.892919 -0.001600 
44 -12.511250 0.000000 43.342500 99.699148 0.000002 8.744793 -0.001639 
45 -56.517500 0.000000 43.342500 99.633570 0.000000 8.729699 -0.000306 
46 -12.511250 0.000000 84.785000 99.689168 0.000002 8.720523 -0.001398 
47 9.491875 0.000000 -18.821250 99.290977 0.000288 8.818368 0.006354 
48 -12.511250 0.000000 -18.821250 99.570334 -0.000000 8.766408 0.000890 
49 9.491875 0.000000 -39.542500 99.365885 -0.000004 8.719509 0.005039 
50 9.491875 0.000000 1.900000 99.630237 -0.000110 8.987189 -0.000695 
51 53.498125 0.000000 22.621250 100.083891 0.000371 6.391060 -0.005763 
52 31.495000 0.000000 22.621250 101.178152 0.000065 7.559154 -0.029416 
53 75.501250 0.000000 22.621250 99.900339 0.000543 6.079412 -0.001704 
54 53.498125 0.000000 43.342500 99.904527 -0.002659 8.038604 -0.004553 
55 42.496562 0.000000 -8.460625 98.745466 -0.000953 4.186155 0.023181 
56 31.495000 0.000000 -8.460625 96.290046 -0.000078 5.863379 0.069385 
57 42.496562 0.000000 -18.821250 98.947538 -0.000299 6.798310 0.016317 
58 53.498125 0.000000 -8.460625 99.735945 -0.001653 4.633608 0.003127 
59 42.496562 0.000000 1.900000 101.861717 0.001278 1.419936 -0.037783 
60 9.491875 0.000000 22.621250 99.970366 -0.000565 8.815466 -0.007179 
61 -12.511250 0.000000 22.621250 99.676207 0.000002 8.765825 -0.001219 
62 9.491875 0.000000 43.342500 99.889167 0.000009 8.715578 -0.005381 
1 7 12 10 11 
2 12 2 13 10 
3 10 13 8 14 
4 1 17 15 16 
5 17 7 11 15 
6 16 15 18 6 
7 14 8 21 19 
8 19 21 3 22 
9 20 19 22 9 
10 11 25 23 24 
11 25 10 26 23 
12 23 26 14 27 
13 6 18 28 29 
14 28 20 9 30 
15 29 28 30 4 
16 15 33 31 32 
17 33 11 24 31 
18 32 31 34 18 
19 27 14 37 35 
20 35 37 19 38 
21 36 35 38 20 
22 24 41 39 40 
23 41 23 42 39 
24 39 42 27 43 
25 18 34 44 45 
26 44 36 20 46 
27 45 44 46 28 
28 31 49 47 48 
29 49 24 40 47 
30 47 40 5 50 
31 48 47 50 34 
32 5 43 51 52 
33 43 27 53 51 
34 51 53 35 54 
35 52 51 54 36 
36 40 57 55 56 
37 57 39 58 55 
38 55 58 43 59 
39 56 55 59 5 
40 34 50 60 61 
41 50 5 52 60 
42 60 52 36 62 
43 61 60 62 44 
