2 0.000000 100.000000 157.431060
25 16 
1 -180.237465 0.000000 -220.469468 99.619470 0.000000 8.715574 0.015360 
2 287.513550 0.000000 -220.469468 99.619470 0.000000 8.715574 0.015360 
3 287.513550 0.000000 227.666535 99.619470 0.000000 8.715574 0.015360 
4 -180.237465 0.000000 227.666535 99.619470 0.000000 8.715574 0.015360 
5 53.638043 0.000000 3.598533 99.856602 -0.000000 10.568349 0.014178 
6 -180.237465 0.000000 3.598533 99.619470 0.000000 8.715574 0.015360 
7 53.638043 0.000000 -220.469468 99.619470 0.000000 8.715574 0.015360 
8 287.513550 0.000000 3.598533 99.694302 0.000000 7.888553 0.012438 
9 53.638043 0.000000 227.666535 99.619470 0.000000 8.715574 0.015360 
10 -63.299711 0.000000 -108.435467 99.619470 0.000000 8.715574 0.015360 
11 -180.237465 0.000000 -108.435467 99.619470 0.000000 8.715574 0.015360 
12 -63.299711 0.000000 -220.469468 99.619470 0.000000 8.715574 0.015360 
13 53.638043 0.000000 -108.435467 99.619470 0.000000 8.715574 0.015360 
14 -63.299711 0.000000 3.598533 99.619470 0.000000 8.715574 0.015360 
15 170.575796 0.000000 -108.435467 99.619470 0.000000 8.715574 0.015360 
16 170.575796 0.000000 -220.469468 99.619470 0.000000 8.715574 0.015360 
17 287.513550 0.000000 -108.435467 99.656507 0.000000 8.713360 0.014602 
18 170.575796 0.000000 3.598533 99.530814 0.000000 9.840704 0.019309 
19 170.575796 0.000000 115.632534 99.619470 0.000000 8.715574 0.015360 
20 53.638043 0.000000 115.632534 99.619470 0.000000 8.715574 0.015360 
21 287.513550 0.000000 115.632534 99.592026 -0.000000 8.685619 0.015865 
22 170.575796 0.000000 227.666535 99.619470 0.000000 8.715574 0.015360 
23 -63.299711 0.000000 115.632534 99.619470 0.000000 8.715574 0.015360 
24 -180.237465 0.000000 115.632534 99.619470 0.000000 8.715574 0.015360 
25 -63.299711 0.000000 227.666535 99.619470 0.000000 8.715574 0.015360 
1 1 12 10 11 
2 12 7 13 10 
3 10 13 5 14 
4 11 10 14 6 
5 7 16 15 13 
6 16 2 17 15 
7 15 17 8 18 
8 13 15 18 5 
9 5 18 19 20 
10 18 8 21 19 
11 19 21 3 22 
12 20 19 22 9 
13 6 14 23 24 
14 14 5 20 23 
15 23 20 9 25 
16 24 23 25 4 
