2 0.000000 100.000000 211.018442
62 43 
1 -144.530000 0.000000 -163.870000 99.984067 -0.000000 1.745533 0.000014 
2 207.520000 0.000000 -163.870000 99.984167 -0.000000 1.738076 0.000015 
3 207.520000 0.000000 167.670000 99.985605 -0.000000 1.737571 -0.000014 
4 -144.530000 0.000000 167.670000 99.985488 -0.000000 1.745530 -0.000014 
5 31.495000 0.000000 1.900000 99.990829 -0.000002 0.000000 0.000183 
6 -144.530000 0.000000 1.900000 99.984780 -0.000000 1.745812 -0.000000 
7 31.495000 0.000000 -163.870000 99.978906 -0.000000 1.741731 0.000118 
8 207.520000 0.000000 1.900000 100.010008 -0.000007 0.298071 -0.000209 
9 31.495000 0.000000 167.670000 99.990741 -0.000000 1.741666 -0.000118 
10 119.507500 0.000000 -80.985000 99.981861 -0.000001 1.716465 0.000068 
11 31.495000 0.000000 -80.985000 99.959873 -0.000001 1.731149 0.000503 
12 119.507500 0.000000 -163.870000 99.982348 -0.000000 1.738130 0.000051 
13 207.520000 0.000000 -80.985000 99.984733 -0.000001 1.718612 0.000010 
14 119.507500 0.000000 1.900000 100.010881 0.000179 0.244692 -0.000224 
15 -56.517500 0.000000 -80.985000 99.981487 -0.000000 1.746843 0.000065 
16 -144.530000 0.000000 -80.985000 99.984299 -0.000000 1.745720 0.000009 
17 -56.517500 0.000000 -163.870000 99.982287 -0.000000 1.745365 0.000050 
18 -56.517500 0.000000 1.900000 99.984811 -0.000000 1.748214 -0.000002 
19 119.507500 0.000000 84.785000 99.988592 -0.000000 1.714609 -0.000066 
20 31.495000 0.000000 84.785000 100.010039 0.000000 1.730918 -0.000500 
21 207.520000 0.000000 84.785000 99.985769 -0.000001 1.714724 -0.000009 
22 119.507500 0.000000 167.670000 99.987393 -0.000000 1.737880 -0.000050 
23 75.501250 0.000000 -39.542500 99.972809 -0.000058 1.636459 0.000276 
24 31.495000 0.000000 -39.542500 99.893280 -0.000001 1.687640 0.001848 
25 75.501250 0.000000 -80.985000 99.973373 -0.000001 1.716309 0.000238 
26 119.507500 0.000000 -39.542500 99.984179 -0.000003 1.643878 0.000046 
27 75.501250 0.000000 1.900000 100.010492 0.000159 0.265366 -0.000217 
28 -56.517500 0.000000 84.785000 99.988116 -0.000000 1.746831 -0.000067 
29 -144.530000 0.000000 84.785000 99.985260 -0.000000 1.745719 -0.000010 
30 -56.517500 0.000000 167.670000 99.987292 -0.000000 1.745353 -0.000050 
31 -12.511250 0.000000 -39.542500 99.971610 -0.000000 1.750921 0.000261 
32 -56.517500 0.000000 -39.542500 99.982554 -0.000000 1.747762 0.000043 
33 -12.511250 0.000000 -80.985000 99.973213 -0.000000 1.746361 0.000231 
34 -12.511250 0.000000 1.900000 99.984922 -0.000002 1.756661 -0.000007 
35 75.501250 0.000000 43.342500 100.000132 0.000053 1.630766 -0.000269 
36 31.495000 0.000000 43.342500 100.077281 0.000136 1.686950 -0.001831 
37 119.507500 0.000000 43.342500 99.988967 -0.000001 1.630995 -0.000045 
38 75.501250 0.000000 84.785000 99.996936 -0.000000 1.715439 -0.000233 
39 53.498125 0.000000 -18.821250 99.939909 -0.001031 1.393943 0.001007 
40 31.495000 0.000000 -18.821250 99.711772 -0.000303 1.551009 0.005516 
41 53.498125 0.000000 -39.542500 99.941725 -0.000003 1.635467 0.000898 
42 75.501250 0.000000 -18.821250 99.981688 -0.000012 1.412480 0.000167 
43 53.498125 0.000000 1.900000 100.019449 0.000143 0.254071 -0.000395 
44 -12.511250 0.000000 43.342500 99.998168 0.000000 1.750875 -0.000270 
45 -56.517500 0.000000 43.342500 99.987062 -0.000000 1.747755 -0.000047 
46 -12.511250 0.000000 84.785000 99.996478 -0.000000 1.746312 -0.000235 
47 9.491875 0.000000 -18.821250 99.925108 -0.000000 1.761548 0.001187 
48 -12.511250 0.000000 -18.821250 99.975653 0.000017 1.754629 0.000179 
49 9.491875 0.000000 -39.542500 99.939169 -0.000041 1.747027 0.000911 
50 9.491875 0.000000 1.900000 99.985242 -0.000000 1.794733 -0.000027 
51 53.498125 0.000000 22.621250 100.039853 0.000790 1.387153 -0.000990 
52 31.495000 0.000000 22.621250 100.261135 0.000186 1.549529 -0.005470 
53 75.501250 0.000000 22.621250 99.999570 -0.000001 1.385312 -0.000183 
54 53.498125 0.000000 43.342500 100.030341 0.000170 1.633282 -0.000874 
55 42.496562 0.000000 -8.460625 99.756775 -0.000011 0.934657 0.004771 
56 31.495000 0.000000 -8.460625 99.435009 -0.000101 1.222454 0.011118 
57 42.496562 0.000000 -18.821250 99.827334 -0.000595 1.409808 0.003252 
58 53.498125 0.000000 -8.460625 99.963634 -0.000025 0.938298 0.000639 
59 42.496562 0.000000 1.900000 100.377405 0.000040 0.181517 -0.007566 
60 9.491875 0.000000 22.621250 100.045190 0.000032 1.761367 -0.001214 
61 -12.511250 0.000000 22.621250 99.994171 -0.000000 1.754601 -0.000191 
62 9.491875 0.000000 43.342500 100.030864 -0.000094 1.746816 -0.000923 
1 7 12 10 11 
2 12 2 13 10 
3 10 13 8 14 
4 1 17 15 16 
5 17 7 11 15 
6 16 15 18 6 
7 14 8 21 19 
8 19 21 3 22 
9 20 19 22 9 
10 11 25 23 24 
11 25 10 26 23 
12 23 26 14 27 
13 6 18 28 29 
14 28 20 9 30 
15 29 28 30 4 
16 15 33 31 32 
17 33 11 24 31 
18 32 31 34 18 
19 27 14 37 35 
20 35 37 19 38 
21 36 35 38 20 
22 24 41 39 40 
23 41 23 42 39 
24 39 42 27 43 
25 18 34 44 45 
26 44 36 20 46 
27 45 44 46 28 
28 31 49 47 48 
29 49 24 40 47 
30 47 40 5 50 
31 48 47 50 34 
32 5 43 51 52 
33 43 27 53 51 
34 51 53 35 54 
35 52 51 54 36 
36 40 57 55 56 
37 57 39 58 55 
38 55 58 43 59 
39 56 55 59 5 
40 34 50 60 61 
41 50 5 52 60 
42 60 52 36 62 
43 61 60 62 44 
