2 0.000000 100.000000 178.105148
62 43 
1 -144.530000 0.000000 -163.870000 99.619470 0.000000 8.715574 0.015276 
2 207.520000 0.000000 -163.870000 99.656207 -0.000000 8.709080 0.014524 
3 207.520000 0.000000 167.670000 99.591090 0.000000 8.696144 0.015813 
4 -144.530000 0.000000 167.670000 99.619470 0.000000 8.715574 0.015276 
5 31.495000 0.000000 1.900000 99.619470 0.000000 0.000000 0.007617 
6 -144.530000 0.000000 1.900000 99.619470 0.000000 8.715574 0.015276 
7 31.495000 0.000000 -163.870000 99.619470 0.000000 8.715574 0.015276 
8 207.520000 0.000000 1.900000 99.896015 -0.000000 5.571540 0.005192 
9 31.495000 0.000000 167.670000 99.619470 0.000000 8.715574 0.015276 
10 119.507500 0.000000 -80.985000 99.768167 -0.000003 8.685485 0.012229 
11 31.495000 0.000000 -80.985000 99.619470 0.000000 8.715574 0.015276 
12 119.507500 0.000000 -163.870000 99.619470 0.000000 8.715574 0.015276 
13 207.520000 0.000000 -80.985000 99.638413 -0.000000 8.621386 0.014729 
14 119.507500 0.000000 1.900000 100.210147 -0.000029 2.032942 -0.003789 
15 -56.517500 0.000000 -80.985000 99.619470 0.000000 8.715574 0.015276 
16 -144.530000 0.000000 -80.985000 99.619470 0.000000 8.715574 0.015276 
17 -56.517500 0.000000 -163.870000 99.619470 0.000000 8.715574 0.015276 
18 -56.517500 0.000000 1.900000 99.619470 0.000000 8.715574 0.015276 
19 119.507500 0.000000 84.785000 99.503328 0.000002 8.640253 0.017483 
20 31.495000 0.000000 84.785000 99.619470 0.000000 8.715574 0.015276 
21 207.520000 0.000000 84.785000 99.629372 -0.000000 8.519316 0.014734 
22 119.507500 0.000000 167.670000 99.619470 0.000000 8.715574 0.015276 
23 75.501250 0.000000 -39.542500 100.249810 0.000000 8.514182 0.002249 
24 31.495000 0.000000 -39.542500 99.619470 0.000000 8.715574 0.015276 
25 75.501250 0.000000 -80.985000 99.619470 0.000000 8.715574 0.015276 
26 119.507500 0.000000 -39.542500 99.694604 -0.000347 8.343540 0.013122 
27 75.501250 0.000000 1.900000 100.505394 0.000002 -1.117130 -0.009973 
28 -56.517500 0.000000 84.785000 99.619470 0.000000 8.715574 0.015276 
29 -144.530000 0.000000 84.785000 99.619470 0.000000 8.715574 0.015276 
30 -56.517500 0.000000 167.670000 99.619470 0.000000 8.715574 0.015276 
31 -12.511250 0.000000 -39.542500 99.619470 0.000000 8.715574 0.015276 
32 -56.517500 0.000000 -39.542500 99.619470 0.000000 8.715574 0.015276 
33 -12.511250 0.000000 -80.985000 99.619470 0.000000 8.715574 0.015276 
34 -12.511250 0.000000 1.900000 99.619470 0.000000 8.715574 0.015276 
35 75.501250 0.000000 43.342500 99.330701 -0.000000 8.378481 0.020511 
36 31.495000 0.000000 43.342500 99.619470 0.000000 8.715574 0.015276 
37 119.507500 0.000000 43.342500 99.651900 0.000288 8.018106 0.013443 
38 75.501250 0.000000 84.785000 99.619470 0.000000 8.715574 0.015276 
39 53.498125 0.000000 -18.821250 97.914501 -0.000000 6.606511 0.046394 
40 31.495000 0.000000 -18.821250 99.619470 0.000000 8.715574 0.015276 
41 53.498125 0.000000 -39.542500 99.089630 -0.000000 8.267736 0.025185 
42 75.501250 0.000000 -18.821250 99.910343 -0.000000 7.420471 0.007318 
43 53.498125 0.000000 1.900000 100.641535 -0.000001 -0.164376 -0.012810 
44 -12.511250 0.000000 43.342500 99.619470 0.000000 8.715574 0.015276 
45 -56.517500 0.000000 43.342500 99.619470 0.000000 8.715574 0.015276 
46 -12.511250 0.000000 84.785000 99.619470 0.000000 8.715574 0.015276 
47 9.491875 0.000000 -18.821250 99.619470 0.000000 8.715574 0.015276 
48 -12.511250 0.000000 -18.821250 99.619470 0.000000 8.715574 0.015276 
49 9.491875 0.000000 -39.542500 99.619470 0.000000 8.715574 0.015276 
50 9.491875 0.000000 1.900000 99.619470 0.000000 8.715574 0.015276 
51 53.498125 0.000000 22.621250 101.324438 0.000000 6.606511 -0.022121 
52 31.495000 0.000000 22.621250 99.619470 0.000000 8.715574 0.015276 
53 75.501250 0.000000 22.621250 99.655575 0.000000 6.941831 0.011745 
54 53.498125 0.000000 43.342500 100.149310 0.000000 8.267736 0.003852 
55 42.496562 0.000000 -8.460625 98.043960 -0.000000 5.884159 0.042846 
56 31.495000 0.000000 -8.460625 97.914274 0.000000 6.803067 0.046671 
57 42.496562 0.000000 -18.821250 97.537273 0.000000 6.725209 0.054196 
58 53.498125 0.000000 -8.460625 102.590913 0.000000 5.606999 -0.048475 
59 42.496562 0.000000 1.900000 99.640287 0.000000 5.384917 0.010118 
60 9.491875 0.000000 22.621250 99.619470 0.000000 8.715574 0.015276 
61 -12.511250 0.000000 22.621250 99.619470 0.000000 8.715574 0.015276 
62 9.491875 0.000000 43.342500 99.619470 0.000000 8.715574 0.015276 
1 7 12 10 11 
2 12 2 13 10 
3 10 13 8 14 
4 1 17 15 16 
5 17 7 11 15 
6 16 15 18 6 
7 14 8 21 19 
8 19 21 3 22 
9 20 19 22 9 
10 11 25 23 24 
11 25 10 26 23 
12 23 26 14 27 
13 6 18 28 29 
14 28 20 9 30 
15 29 28 30 4 
16 15 33 31 32 
17 33 11 24 31 
18 32 31 34 18 
19 27 14 37 35 
20 35 37 19 38 
21 36 35 38 20 
22 24 41 39 40 
23 41 23 42 39 
24 39 42 27 43 
25 18 34 44 45 
26 44 36 20 46 
27 45 44 46 28 
28 31 49 47 48 
29 49 24 40 47 
30 47 40 5 50 
31 48 47 50 34 
32 5 43 51 52 
33 43 27 53 51 
34 51 53 35 54 
35 52 51 54 36 
36 40 57 55 56 
37 57 39 58 55 
38 55 58 43 59 
39 56 55 59 5 
40 34 50 60 61 
41 50 5 52 60 
42 60 52 36 62 
43 61 60 62 44 
