2 0.000000 100.000000 211.018442
25 16 
1 -213.943881 0.000000 -224.819368 99.618170 -0.000033 8.716151 0.000025 
2 279.589215 0.000000 -224.819368 99.619120 -0.000626 8.701941 0.000031 
3 279.589215 0.000000 233.731852 99.622289 0.000786 8.697925 -0.000025 
4 -213.943881 0.000000 233.731852 99.620932 0.000045 8.716101 -0.000030 
5 32.822667 0.000000 4.456242 101.475497 0.002174 8.733616 -0.037355 
6 -213.943881 0.000000 4.456242 99.619598 0.000007 8.716658 -0.000004 
7 32.822667 0.000000 -224.819368 99.607623 -0.000267 8.708300 0.000249 
8 279.589215 0.000000 4.456242 99.740564 -0.005358 7.329970 -0.000191 
9 32.822667 0.000000 233.731852 99.631497 0.000313 8.708280 -0.000227 
10 -90.560607 0.000000 -110.181563 99.614264 -0.000050 8.717938 0.000100 
11 -213.943881 0.000000 -110.181563 99.618655 -0.000015 8.716502 0.000015 
12 -90.560607 0.000000 -224.819368 99.614664 -0.000083 8.715870 0.000095 
13 32.822667 0.000000 -110.181563 99.575505 -0.000364 8.686709 0.000926 
14 -90.560607 0.000000 4.456242 99.620105 0.000015 8.720357 -0.000021 
15 156.205941 0.000000 -110.181563 99.618082 -0.001205 8.659218 0.000126 
16 156.205941 0.000000 -224.819368 99.615354 -0.000543 8.701162 0.000107 
17 279.589215 0.000000 -110.181563 99.622440 -0.001221 8.668931 0.000022 
18 156.205941 0.000000 4.456242 99.691397 -0.004426 7.888248 -0.000060 
19 156.205941 0.000000 119.094047 99.630395 0.001530 8.650129 -0.000104 
20 32.822667 0.000000 119.094047 99.660660 0.000478 8.689185 -0.000775 
21 279.589215 0.000000 119.094047 99.627113 0.001840 8.637232 -0.000016 
22 156.205941 0.000000 233.731852 99.625538 0.000636 8.699906 -0.000094 
23 -90.560607 0.000000 119.094047 99.625310 0.000078 8.717641 -0.000120 
24 -213.943881 0.000000 119.094047 99.620508 0.000028 8.716465 -0.000022 
25 -90.560607 0.000000 233.731852 99.624512 0.000105 8.715693 -0.000101 
1 1 12 10 11 
2 12 7 13 10 
3 10 13 5 14 
4 11 10 14 6 
5 7 16 15 13 
6 16 2 17 15 
7 15 17 8 18 
8 13 15 18 5 
9 5 18 19 20 
10 18 8 21 19 
11 19 21 3 22 
12 20 19 22 9 
13 6 14 23 24 
14 14 5 20 23 
15 23 20 9 25 
16 24 23 25 4 
