2 0.000000 100.000000 157.431060
25 16 
1 -213.943881 0.000000 -224.819368 99.619470 0.000000 8.715574 0.015360 
2 279.589215 0.000000 -224.819368 99.619470 0.000000 8.715574 0.015360 
3 279.589215 0.000000 233.731852 99.619470 0.000000 8.715574 0.015360 
4 -213.943881 0.000000 233.731852 99.619470 0.000000 8.715574 0.015360 
5 32.822667 0.000000 4.456242 100.215728 0.000000 7.724275 0.001649 
6 -213.943881 0.000000 4.456242 99.619470 0.000000 8.715574 0.015360 
7 32.822667 0.000000 -224.819368 99.619470 0.000000 8.715574 0.015360 
8 279.589215 0.000000 4.456242 99.737346 -0.029264 7.390023 0.010791 
9 32.822667 0.000000 233.731852 99.619470 0.000000 8.715574 0.015360 
10 -90.560607 0.000000 -110.181563 99.619470 0.000000 8.715574 0.015360 
11 -213.943881 0.000000 -110.181563 99.619470 0.000000 8.715574 0.015360 
12 -90.560607 0.000000 -224.819368 99.619470 0.000000 8.715574 0.015360 
13 32.822667 0.000000 -110.181563 99.619470 0.000000 8.715574 0.015360 
14 -90.560607 0.000000 4.456242 99.619470 0.000000 8.715574 0.015360 
15 156.205941 0.000000 -110.181563 99.619470 0.000000 8.715574 0.015360 
16 156.205941 0.000000 -224.819368 99.619470 0.000000 8.715574 0.015360 
17 279.589215 0.000000 -110.181563 99.650391 -0.007601 8.708984 0.014719 
18 156.205941 0.000000 4.456242 99.674487 -0.040014 8.161853 0.013287 
19 156.205941 0.000000 119.094047 99.619470 0.000000 8.715574 0.015360 
20 32.822667 0.000000 119.094047 99.619470 0.000000 8.715574 0.015360 
21 279.589215 0.000000 119.094047 99.596237 0.009097 8.684779 0.015778 
22 156.205941 0.000000 233.731852 99.619470 0.000000 8.715574 0.015360 
23 -90.560607 0.000000 119.094047 99.619470 0.000000 8.715574 0.015360 
24 -213.943881 0.000000 119.094047 99.619470 0.000000 8.715574 0.015360 
25 -90.560607 0.000000 233.731852 99.619470 0.000000 8.715574 0.015360 
1 1 12 10 11 
2 12 7 13 10 
3 10 13 5 14 
4 11 10 14 6 
5 7 16 15 13 
6 16 2 17 15 
7 15 17 8 18 
8 13 15 18 5 
9 5 18 19 20 
10 18 8 21 19 
11 19 21 3 22 
12 20 19 22 9 
13 6 14 23 24 
14 14 5 20 23 
15 23 20 9 25 
16 24 23 25 4 
