2 0.000000 100.000000 211.018442
25 16 
1 -180.237465 0.000000 -220.469468 99.984448 0.000000 1.745367 0.000006 
2 287.513550 0.000000 -220.469468 99.984526 0.000000 1.742165 0.000006 
3 287.513550 0.000000 227.666535 99.985107 0.000000 1.742193 -0.000006 
4 -180.237465 0.000000 227.666535 99.985096 0.000000 1.745362 -0.000007 
5 53.638043 0.000000 3.598533 99.874621 0.000002 2.524059 0.001869 
6 -180.237465 0.000000 3.598533 99.984777 0.000000 1.745499 -0.000000 
7 53.638043 0.000000 -220.469468 99.982261 0.000000 1.743598 0.000051 
8 287.513550 0.000000 3.598533 99.966409 -0.000252 2.797006 -0.000111 
9 53.638043 0.000000 227.666535 99.987165 0.000000 1.743694 -0.000047 
10 -63.299711 0.000000 -108.435467 99.983399 0.000000 1.745760 0.000027 
11 -180.237465 0.000000 -108.435467 99.984551 0.000000 1.745456 0.000004 
12 -63.299711 0.000000 -220.469468 99.983628 0.000000 1.745269 0.000023 
13 53.638043 0.000000 -108.435467 99.974579 0.000000 1.738145 0.000206 
14 -63.299711 0.000000 3.598533 99.984816 0.000000 1.746380 -0.000001 
15 170.575796 0.000000 -108.435467 99.983851 0.000001 1.732853 0.000023 
16 170.575796 0.000000 -220.469468 99.983797 0.000000 1.742170 0.000021 
17 287.513550 0.000000 -108.435467 99.984771 0.000001 1.733550 0.000004 
18 170.575796 0.000000 3.598533 99.965427 -0.000286 2.852598 -0.000122 
19 170.575796 0.000000 115.632534 99.986042 0.000001 1.733892 -0.000021 
20 53.638043 0.000000 115.632534 99.993756 0.000001 1.739050 -0.000178 
21 287.513550 0.000000 115.632534 99.985160 0.000002 1.733779 -0.000004 
22 170.575796 0.000000 227.666535 99.985794 0.000000 1.742304 -0.000019 
23 -63.299711 0.000000 115.632534 99.986146 0.000000 1.745726 -0.000028 
24 -180.237465 0.000000 115.632534 99.984999 0.000000 1.745452 -0.000005 
25 -63.299711 0.000000 227.666535 99.985891 0.000000 1.745258 -0.000022 
1 1 12 10 11 
2 12 7 13 10 
3 10 13 5 14 
4 11 10 14 6 
5 7 16 15 13 
6 16 2 17 15 
7 15 17 8 18 
8 13 15 18 5 
9 5 18 19 20 
10 18 8 21 19 
11 19 21 3 22 
12 20 19 22 9 
13 6 14 23 24 
14 14 5 20 23 
15 23 20 9 25 
16 24 23 25 4 
