2 0.000000 100.000000 211.018442
559 457 
1 -234.650000 0.000000 -237.029800 99.984669 0.000037 1.745117 0.000002 
2 281.580000 0.000000 -237.029800 99.984709 0.000154 1.746207 0.000001 
3 281.580000 0.000000 240.470000 99.984486 -0.000170 1.746168 0.000005 
4 -234.650000 0.000000 240.470000 99.984558 0.000014 1.745300 0.000004 
5 23.465000 0.000000 1.720100 104.557450 -0.004654 -4.775231 -0.095506 
6 -234.650000 0.000000 1.720100 99.984411 0.000040 1.745193 0.000007 
7 23.465000 0.000000 -237.029800 99.986555 0.000291 1.745413 -0.000036 
8 281.580000 0.000000 1.720100 99.980906 -0.119372 1.949943 0.000000 
9 23.465000 0.000000 240.470000 99.984991 0.000099 1.745496 -0.000005 
10 -105.592500 0.000000 -117.654850 99.983618 0.000267 1.744396 0.000023 
11 -234.650000 0.000000 -117.654850 99.984516 0.000042 1.745123 0.000005 
12 -105.592500 0.000000 -237.029800 99.984796 0.000126 1.744804 -0.000000 
13 23.465000 0.000000 -117.654850 99.995744 0.001874 1.744583 -0.000219 
14 -105.592500 0.000000 1.720100 99.981876 0.000395 1.745142 0.000058 
15 152.522500 0.000000 -117.654850 99.983950 0.000355 1.749356 0.000015 
16 152.522500 0.000000 -237.029800 99.985029 0.000196 1.746475 -0.000006 
17 281.580000 0.000000 -117.654850 99.984502 0.000239 1.748440 0.000004 
18 152.522500 0.000000 1.720100 99.955028 -0.194339 3.283239 -0.000182 
19 -105.592500 0.000000 121.095050 99.983437 0.000215 1.745858 0.000026 
20 -234.650000 0.000000 121.095050 99.984450 0.000029 1.745271 0.000006 
21 23.465000 0.000000 121.095050 99.989067 0.001291 1.745388 -0.000086 
22 -105.592500 0.000000 240.470000 99.984432 0.000064 1.745570 0.000007 
23 -41.063750 0.000000 -57.967375 99.971015 -0.004342 1.737273 0.000278 
24 -105.592500 0.000000 -57.967375 99.982487 0.000360 1.744530 0.000046 
25 -41.063750 0.000000 -117.654850 99.983767 0.000995 1.741809 0.000021 
26 23.465000 0.000000 -57.967375 100.136128 -0.029859 1.735624 -0.003026 
27 -41.063750 0.000000 1.720100 99.953310 0.023594 1.732987 0.000633 
28 152.522500 0.000000 121.095050 99.982939 -0.000282 1.748714 0.000035 
29 281.580000 0.000000 121.095050 99.984328 -0.000424 1.749462 0.000007 
30 152.522500 0.000000 240.470000 99.984198 -0.000098 1.745808 0.000011 
31 87.993750 0.000000 -57.967375 99.977604 -0.006338 1.766767 0.000136 
32 87.993750 0.000000 -117.654850 99.985831 0.000716 1.751646 -0.000023 
33 152.522500 0.000000 -57.967375 99.982496 0.000314 1.756956 0.000041 
34 87.993750 0.000000 1.720100 99.895895 -0.124077 4.856499 -0.000279 
35 -41.063750 0.000000 61.407575 99.975558 -0.005149 1.752395 0.000182 
36 -105.592500 0.000000 61.407575 99.982447 0.000327 1.745730 0.000046 
37 23.465000 0.000000 61.407575 99.973130 -0.015868 1.737539 0.000235 
38 -41.063750 0.000000 121.095050 99.983438 0.000805 1.747904 0.000026 
39 -8.799375 0.000000 -28.123637 99.885345 -0.064107 1.657281 0.002017 
40 -41.063750 0.000000 -28.123637 99.959118 0.012545 1.736748 0.000516 
41 -8.799375 0.000000 -57.967375 100.004203 0.021114 1.698371 -0.000373 
42 23.465000 0.000000 -28.123637 100.292799 0.222942 1.636154 -0.006137 
43 -8.799375 0.000000 1.720100 99.594830 0.011172 1.768579 0.007774 
44 87.993750 0.000000 61.407575 99.968687 -0.009636 1.758221 0.000317 
45 152.522500 0.000000 61.407575 99.981734 -0.000848 1.762684 0.000055 
46 87.993750 0.000000 121.095050 99.981670 0.000092 1.746084 0.000062 
47 55.729375 0.000000 -28.123637 99.892892 -0.014729 1.875144 0.001789 
48 55.729375 0.000000 -57.967375 100.036887 -0.092316 1.810688 -0.001067 
49 87.993750 0.000000 -28.123637 99.961274 0.019145 1.791505 0.000453 
50 55.729375 0.000000 1.720100 99.290327 0.009718 5.635022 0.010968 
51 -8.799375 0.000000 31.563838 99.909097 0.030510 1.809283 0.001490 
52 -41.063750 0.000000 31.563838 99.962196 0.010807 1.750410 0.000450 
53 23.465000 0.000000 31.563838 100.157590 0.277845 1.695430 -0.003449 
54 -8.799375 0.000000 61.407575 99.984192 0.011468 1.764131 0.000005 
55 7.332812 0.000000 -13.201769 99.929668 0.059458 1.094834 0.001286 
56 -8.799375 0.000000 -13.201769 99.703588 -0.051445 1.672721 0.005639 
57 7.332812 0.000000 -28.123637 100.072601 -0.257181 1.477831 -0.001678 
58 23.465000 0.000000 -13.201769 100.561172 -0.099266 1.543104 -0.011494 
59 7.332812 0.000000 1.720100 182.845844 0.019692 4.599934 -2.345376 
60 -170.121250 0.000000 -57.967375 99.984029 0.000103 1.745040 0.000015 
61 -234.650000 0.000000 -57.967375 99.984448 0.000042 1.745151 0.000006 
62 -170.121250 0.000000 -117.654850 99.984250 0.000094 1.744971 0.000010 
63 -170.121250 0.000000 1.720100 99.983919 0.000103 1.745169 0.000017 
64 -73.328125 0.000000 -28.123637 99.976884 -0.014313 1.746190 0.000157 
65 -105.592500 0.000000 -28.123637 99.982044 0.000390 1.744793 0.000055 
66 -73.328125 0.000000 -57.967375 99.980044 0.000858 1.743417 0.000095 
67 -73.328125 0.000000 1.720100 99.976401 -0.002748 1.746024 0.000167 
68 -24.931563 0.000000 -13.201769 99.911419 -0.019376 1.732242 0.001471 
69 -41.063750 0.000000 -13.201769 99.957601 0.022692 1.729208 0.000549 
70 -24.931563 0.000000 -28.123637 99.935256 -0.033448 1.726895 0.000996 
71 -24.931563 0.000000 1.720100 99.903657 -0.010437 1.742489 0.001622 
72 55.729375 0.000000 31.563838 99.912839 -0.089672 1.723230 0.001445 
73 87.993750 0.000000 31.563838 99.966625 -0.027199 1.798597 0.000344 
74 55.729375 0.000000 61.407575 100.003091 -0.078987 1.715277 -0.000357 
75 7.332812 0.000000 16.641969 99.970512 0.015558 2.145504 0.000129 
76 -8.799375 0.000000 16.641969 99.782300 0.000077 1.852879 0.004006 
77 23.465000 0.000000 16.641969 100.825199 0.088428 1.622962 -0.016836 
78 7.332812 0.000000 31.563838 100.085777 0.163880 1.885104 -0.002074 
79 -0.733281 0.000000 -5.740834 98.584810 0.031839 1.124465 0.027977 
80 -8.799375 0.000000 -5.740834 99.622486 0.028448 1.703527 0.007246 
81 -0.733281 0.000000 -13.201769 99.512784 0.024962 1.369061 0.009533 
82 7.332812 0.000000 -5.740834 101.095582 0.052148 0.475395 -0.022055 
83 -0.733281 0.000000 1.720100 183.175437 0.033089 3.375297 -2.356463 
84 39.597187 0.000000 -13.201769 99.899814 -0.067854 2.408142 0.001422 
85 39.597187 0.000000 -28.123637 100.149829 -0.062961 2.035802 -0.003414 
86 55.729375 0.000000 -13.201769 99.678945 0.042990 1.869367 0.006061 
87 39.597187 0.000000 1.720100 118.774131 0.024506 2.472065 -0.411341 
88 15.398906 0.000000 -5.740834 101.583531 0.002431 0.803885 -0.031986 
89 15.398906 0.000000 -13.201769 100.378305 -0.013315 1.228672 -0.007731 
90 23.465000 0.000000 -5.740834 100.515624 -0.032577 0.940586 -0.010428 
91 15.398906 0.000000 1.720100 145.459194 -0.017249 4.549520 -1.117908 
92 -170.121250 0.000000 61.407575 99.983973 0.000091 1.745300 0.000016 
93 -234.650000 0.000000 61.407575 99.984414 0.000036 1.745236 0.000007 
94 -170.121250 0.000000 121.095050 99.984138 0.000071 1.745380 0.000013 
95 -73.328125 0.000000 31.563838 99.978765 -0.014025 1.748700 0.000119 
96 -105.592500 0.000000 31.563838 99.982037 0.000372 1.745484 0.000055 
97 -73.328125 0.000000 61.407575 99.980222 0.000784 1.746773 0.000090 
98 -24.931563 0.000000 16.641969 99.916743 0.045757 1.766247 0.001352 
99 -41.063750 0.000000 16.641969 99.953332 0.023134 1.737387 0.000631 
100 -24.931563 0.000000 31.563838 99.936027 0.056173 1.755736 0.000970 
101 -0.733281 0.000000 9.181034 99.187867 0.050724 2.197912 0.015693 
102 -8.799375 0.000000 9.181034 99.649575 -0.000581 1.803851 0.006671 
103 7.332812 0.000000 9.181034 100.178454 0.051220 2.875616 -0.004399 
104 -0.733281 0.000000 16.641969 99.715058 0.051033 2.070331 0.005262 
105 3.299766 0.000000 -2.010367 187.655703 0.030641 -1.594193 -2.521721 
106 -0.733281 0.000000 -2.010367 182.809811 0.020363 -19.790342 -2.381109 
107 3.299766 0.000000 -5.740834 98.450342 0.059254 0.085725 0.030752 
108 7.332812 0.000000 -2.010367 182.787984 0.015895 -1.586905 -2.341397 
109 3.299766 0.000000 1.720100 187.735885 0.034397 4.770883 -2.526752 
110 -16.865469 0.000000 -5.740834 99.830747 -0.042824 1.727044 0.003084 
111 -24.931563 0.000000 -5.740834 99.904765 -0.015216 1.739038 0.001601 
112 -16.865469 0.000000 -13.201769 99.852104 -0.041903 1.710568 0.002663 
113 -16.865469 0.000000 1.720100 99.826514 -0.034217 1.747156 0.003161 
114 -4.766328 0.000000 -2.010367 99.177201 0.005980 1.677300 0.016107 
115 -8.799375 0.000000 -2.010367 99.594500 0.011406 1.729163 0.007795 
116 -4.766328 0.000000 -5.740834 99.312732 0.060612 1.569404 0.013451 
117 -4.766328 0.000000 1.720100 99.176693 0.020980 1.813935 0.016069 
118 39.597187 0.000000 16.641969 99.695689 0.111118 1.712514 0.005782 
119 55.729375 0.000000 16.641969 99.764131 0.040785 1.854029 0.004368 
120 39.597187 0.000000 31.563838 100.007489 0.055102 1.651244 -0.000423 
121 15.398906 0.000000 9.181034 100.952222 0.003088 2.383770 -0.019703 
122 23.465000 0.000000 9.181034 101.647099 -0.027982 1.251959 -0.033370 
123 15.398906 0.000000 16.641969 100.540991 0.050708 2.084894 -0.011284 
124 3.299766 0.000000 5.450567 98.511692 0.015697 3.423091 0.028373 
125 -0.733281 0.000000 5.450567 98.559622 0.033635 2.359587 0.028043 
126 7.332812 0.000000 5.450567 101.695711 0.053361 2.728898 -0.034947 
127 3.299766 0.000000 9.181034 99.335987 0.013168 2.716996 0.012498 
128 1.283242 0.000000 -0.145134 183.678880 0.030122 -4.654884 -2.375960 
129 -0.733281 0.000000 -0.145134 183.144434 0.032328 1.388578 -2.354381 
130 1.283242 0.000000 -2.010367 183.620928 0.031793 -4.036891 -2.373294 
131 3.299766 0.000000 -0.145134 187.474867 0.031783 1.171768 -2.514820 
132 1.283242 0.000000 1.720100 184.033181 0.037905 8.138121 -2.393444 
133 11.365859 0.000000 -2.010367 167.430723 0.001302 -4.035098 -1.804933 
134 11.365859 0.000000 -5.740834 102.024258 0.009896 0.993503 -0.040994 
135 15.398906 0.000000 -2.010367 147.805326 -0.010754 -2.204514 -1.185127 
136 11.365859 0.000000 1.720100 167.764007 0.001404 4.278942 -1.816307 
137 5.316289 0.000000 -0.145134 188.443524 0.025062 0.212623 -2.551101 
138 5.316289 0.000000 -2.010367 189.358428 0.024610 -6.775660 -2.590252 
139 7.332812 0.000000 -0.145134 182.914969 0.017386 1.282858 -2.345953 
140 5.316289 0.000000 1.720100 189.967913 0.038042 10.484759 -2.619774 
141 11.365859 0.000000 5.450567 102.995367 0.002410 1.950856 -0.061185 
142 15.398906 0.000000 5.450567 102.490124 0.002622 1.358244 -0.050607 
143 11.365859 0.000000 9.181034 100.632987 0.089173 2.708115 -0.013434 
144 31.531094 0.000000 -5.740834 99.565061 -0.059343 2.995689 0.007782 
145 31.531094 0.000000 -13.201769 100.616553 -0.093334 2.245891 -0.012874 
146 39.597187 0.000000 -5.740834 131.841324 0.015996 4.468874 -0.740211 
147 31.531094 0.000000 1.720100 103.392044 -0.004857 -4.000793 -0.070592 
148 19.431953 0.000000 -2.010367 126.162665 -0.064560 -1.633196 -0.591969 
149 19.431953 0.000000 -5.740834 101.223839 -0.015926 0.602615 -0.024663 
150 23.465000 0.000000 -2.010367 122.943227 -0.114527 -4.543285 -0.513569 
151 19.431953 0.000000 1.720100 111.298324 -0.019772 2.350680 -0.239284 
152 31.531094 0.000000 9.181034 100.390828 -0.043638 0.640222 -0.007873 
153 39.597187 0.000000 9.181034 99.008876 -0.126931 1.518022 0.019492 
154 31.531094 0.000000 16.641969 100.273145 -0.014195 1.298302 -0.005639 
155 19.431953 0.000000 5.450567 215.348519 -0.033863 0.000000 -3.637499 
156 23.465000 0.000000 5.450567 103.378758 -0.030568 0.226702 -0.068722 
157 19.431953 0.000000 9.181034 101.159243 -0.014204 2.022724 -0.023728 
158 -41.063750 0.000000 -177.342325 99.985486 0.000430 1.743850 -0.000014 
159 -105.592500 0.000000 -177.342325 99.984418 0.000183 1.744580 0.000007 
160 -41.063750 0.000000 -237.029800 99.985537 0.000227 1.744668 -0.000015 
161 23.465000 0.000000 -177.342325 99.988541 0.000611 1.745358 -0.000075 
162 -8.799375 0.000000 -87.811112 99.980957 -0.006576 1.734783 0.000080 
163 -41.063750 0.000000 -87.811112 99.980160 0.001627 1.740439 0.000094 
164 -8.799375 0.000000 -117.654850 99.988556 0.001710 1.740275 -0.000074 
165 23.465000 0.000000 -87.811112 100.020660 0.007881 1.740635 -0.000716 
166 7.332812 0.000000 -43.045506 100.080961 -0.105505 1.663672 -0.001898 
167 -8.799375 0.000000 -43.045506 99.952125 -0.052974 1.695449 0.000670 
168 7.332812 0.000000 -57.967375 100.122853 0.046646 1.672202 -0.002738 
169 23.465000 0.000000 -43.045506 100.130610 -0.101781 1.725351 -0.002913 
170 15.398906 0.000000 -20.662703 100.071278 0.187127 1.569869 -0.001676 
171 7.332812 0.000000 -20.662703 99.918914 0.161658 1.396525 0.001423 
172 15.398906 0.000000 -28.123637 100.104221 0.223408 1.495251 -0.002314 
173 23.465000 0.000000 -20.662703 100.341956 0.018888 1.691665 -0.007137 
174 19.431953 0.000000 -9.471302 100.820173 -0.013956 1.161724 -0.016606 
175 15.398906 0.000000 -9.471302 100.561863 -0.009653 0.900451 -0.011350 
176 19.431953 0.000000 -13.201769 100.464873 -0.050396 1.398983 -0.009515 
177 23.465000 0.000000 -9.471302 100.951408 -0.028011 1.334585 -0.019297 
178 27.498047 0.000000 -2.010367 114.998965 -0.139297 -2.560508 -0.323134 
179 27.498047 0.000000 -5.740834 103.597440 -0.042013 1.815374 -0.073573 
180 31.531094 0.000000 -2.010367 118.006202 -0.073883 2.737559 -0.393296 
181 27.498047 0.000000 1.720100 90.373776 0.037347 0.036069 0.183258 
182 21.448477 0.000000 -3.875601 126.360925 -0.098868 -4.013766 -0.598320 
183 19.431953 0.000000 -3.875601 126.085493 -0.064261 -1.716121 -0.590050 
184 21.448477 0.000000 -5.740834 100.404944 -0.019120 0.805961 -0.008180 
185 23.465000 0.000000 -3.875601 122.366119 -0.126117 -4.908932 -0.499758 
186 21.448477 0.000000 -2.010367 125.972819 -0.099333 -3.940114 -0.588469 
187 27.498047 0.000000 5.450567 100.371113 -0.036008 -0.369633 -0.007450 
188 31.531094 0.000000 5.450567 117.589940 -0.047279 -2.470183 -0.383350 
189 27.498047 0.000000 9.181034 100.641714 -0.032872 0.727357 -0.012928 
190 21.448477 0.000000 3.585334 128.498049 -0.019068 3.292107 -0.652259 
191 19.431953 0.000000 3.585334 130.962994 -0.031248 1.726089 -0.715429 
192 21.448477 0.000000 1.720100 118.248442 -0.008621 3.567237 -0.399542 
193 23.465000 0.000000 3.585334 112.968639 -0.022788 0.822772 -0.276259 
194 21.448477 0.000000 5.450567 101.598990 -0.018207 2.275121 -0.032753 
195 87.993750 0.000000 -177.342325 99.986354 0.000410 1.747731 -0.000033 
196 87.993750 0.000000 -237.029800 99.985906 0.000250 1.746401 -0.000023 
197 152.522500 0.000000 -177.342325 99.984744 0.000266 1.747371 -0.000000 
198 55.729375 0.000000 -87.811112 100.013543 0.000906 1.766366 -0.000583 
199 55.729375 0.000000 -117.654850 99.992059 0.001242 1.751200 -0.000148 
200 87.993750 0.000000 -87.811112 99.982951 0.000915 1.755905 0.000033 
201 39.597187 0.000000 -43.045506 100.084843 -0.037443 1.818885 -0.002029 
202 39.597187 0.000000 -57.967375 100.096293 0.003675 1.794345 -0.002249 
203 55.729375 0.000000 -43.045506 100.006539 0.023218 1.842714 -0.000470 
204 31.531094 0.000000 -20.662703 100.294391 -0.012163 1.967468 -0.006284 
205 31.531094 0.000000 -28.123637 100.241642 -0.081914 1.864830 -0.005187 
206 39.597187 0.000000 -20.662703 99.942520 0.115203 2.104358 0.000705 
207 27.498047 0.000000 -9.471302 101.543572 -0.034119 1.884779 -0.031465 
208 27.498047 0.000000 -13.201769 100.773011 -0.105962 1.846089 -0.015862 
209 31.531094 0.000000 -9.471302 100.923856 -0.119512 2.607382 -0.019244 
210 25.481523 0.000000 -3.875601 119.390269 -0.147611 -4.074517 -0.427066 
211 25.481523 0.000000 -5.740834 101.895362 -0.036421 1.236957 -0.038420 
212 27.498047 0.000000 -3.875601 114.806116 -0.150351 -2.789006 -0.318825 
213 25.481523 0.000000 -2.010367 120.473938 -0.126251 -4.123763 -0.453099 
214 25.481523 0.000000 3.585334 106.847595 -0.002978 1.192772 -0.141783 
215 25.481523 0.000000 1.720100 98.441836 0.016957 -2.123762 0.030469 
216 27.498047 0.000000 3.585334 96.652516 0.007119 0.981635 0.065733 
217 25.481523 0.000000 5.450567 101.790091 -0.032694 -1.882650 -0.036477 
218 217.051250 0.000000 -57.967375 99.983898 0.000205 1.755951 0.000014 
219 217.051250 0.000000 -117.654850 99.984302 0.000267 1.748672 0.000008 
220 281.580000 0.000000 -57.967375 99.984290 0.000181 1.755482 0.000006 
221 217.051250 0.000000 1.720100 99.973363 -0.165382 2.354897 -0.000025 
222 120.258125 0.000000 -28.123637 99.977892 -0.015179 1.778268 0.000126 
223 120.258125 0.000000 -57.967375 99.980195 0.000491 1.758323 0.000087 
224 152.522500 0.000000 -28.123637 99.981556 -0.000875 1.774958 0.000054 
225 120.258125 0.000000 1.720100 99.937315 -0.188294 4.015684 -0.000363 
226 71.861562 0.000000 -13.201769 99.916296 0.006674 1.844156 0.001333 
227 71.861562 0.000000 -28.123637 99.929571 -0.009972 1.821188 0.001076 
228 87.993750 0.000000 -13.201769 99.950643 -0.015507 1.788599 0.000667 
229 71.861562 0.000000 1.720100 99.832581 -0.027473 5.217698 0.000623 
230 47.663281 0.000000 -5.740834 99.797229 -0.033801 3.089435 0.003097 
231 47.663281 0.000000 -13.201769 99.724646 0.074316 2.187274 0.005021 
232 55.729375 0.000000 -5.740834 99.371534 0.141920 1.695990 0.012240 
233 47.663281 0.000000 1.720100 107.594848 0.013489 -2.369192 -0.158226 
234 35.564141 0.000000 -2.010367 126.377018 -0.022311 2.952552 -0.597987 
235 35.564141 0.000000 -5.740834 129.047587 -0.036098 3.703045 -0.666699 
236 39.597187 0.000000 -2.010367 129.660808 0.012318 5.292583 -0.683994 
237 35.564141 0.000000 1.720100 115.177270 -0.021693 -0.616077 -0.326618 
238 217.051250 0.000000 61.407575 99.983553 -0.000995 1.763772 0.000018 
239 281.580000 0.000000 61.407575 99.984044 -0.001057 1.764595 0.000008 
240 217.051250 0.000000 121.095050 99.983937 -0.000385 1.749283 0.000015 
241 120.258125 0.000000 31.563838 99.975382 -0.016654 1.822844 0.000160 
242 152.522500 0.000000 31.563838 99.980331 -0.002038 1.825076 0.000060 
243 120.258125 0.000000 61.407575 99.979083 -0.000661 1.761118 0.000108 
244 71.861562 0.000000 16.641969 99.884189 0.050693 2.056099 0.001892 
245 87.993750 0.000000 16.641969 99.947603 -0.011954 2.034054 0.000634 
246 71.861562 0.000000 31.563838 99.933507 0.028765 1.816505 0.000999 
247 47.663281 0.000000 9.181034 98.654377 0.014801 1.978964 0.026340 
248 55.729375 0.000000 9.181034 99.528246 0.079726 2.372108 0.008850 
249 47.663281 0.000000 16.641969 99.848726 0.021575 1.695525 0.002736 
250 35.564141 0.000000 5.450567 116.495296 -0.028544 -3.691728 -0.358478 
251 39.597187 0.000000 5.450567 114.431045 0.035958 -0.023048 -0.309447 
252 35.564141 0.000000 9.181034 99.227172 -0.080306 0.823681 0.015328 
253 43.630234 0.000000 -2.010367 126.644637 0.071053 5.216104 -0.606608 
254 43.630234 0.000000 -5.740834 98.488936 0.003530 2.717771 0.029254 
255 47.663281 0.000000 -2.010367 111.045110 0.180365 3.331960 -0.234215 
256 43.630234 0.000000 1.720100 122.923501 -0.000810 1.968133 -0.511406 
257 43.630234 0.000000 5.450567 125.689971 -0.008078 -4.085246 -0.581466 
258 47.663281 0.000000 5.450567 98.863820 -0.008347 2.192080 0.022114 
259 43.630234 0.000000 9.181034 98.705054 0.239242 1.772805 0.025411 
260 63.795469 0.000000 -5.740834 99.791434 -0.005168 1.731419 0.003867 
261 63.795469 0.000000 -13.201769 99.834493 0.011770 1.804673 0.002982 
262 71.861562 0.000000 -5.740834 99.894520 -0.041012 1.717918 0.001813 
263 63.795469 0.000000 1.720100 99.674428 0.036317 5.394301 0.003591 
264 51.696328 0.000000 -2.010367 98.510732 -0.007818 2.441194 0.028968 
265 51.696328 0.000000 -5.740834 99.056183 -0.004626 2.107704 0.018343 
266 55.729375 0.000000 -2.010367 99.332218 0.029305 1.975413 0.012921 
267 51.696328 0.000000 1.720100 98.281174 0.003196 5.640744 0.030899 
268 45.646758 0.000000 -0.145134 123.781094 0.022514 5.883336 -0.535637 
269 43.630234 0.000000 -0.145134 123.823344 0.023631 5.898528 -0.536701 
270 45.646758 0.000000 -2.010367 116.799752 0.131035 4.038538 -0.365851 
271 47.663281 0.000000 -0.145134 58.630830 -0.025944 5.954821 0.652697 
272 45.646758 0.000000 1.720100 113.866940 -0.000565 0.271146 -0.296575 
273 63.795469 0.000000 9.181034 99.783710 0.051519 2.564274 0.003663 
274 71.861562 0.000000 9.181034 99.870241 0.069700 2.669143 0.001881 
275 63.795469 0.000000 16.641969 99.845848 0.024981 1.968491 0.002693 
276 51.696328 0.000000 5.450567 98.767268 -0.013962 3.554800 0.023239 
277 55.729375 0.000000 5.450567 99.319723 0.143022 3.786977 0.012123 
278 51.696328 0.000000 9.181034 99.272777 0.204965 2.202562 0.014002 
279 45.646758 0.000000 3.585334 123.196702 -0.007781 0.013925 -0.517743 
280 43.630234 0.000000 3.585334 123.057894 -0.005915 0.854146 -0.514397 
281 47.663281 0.000000 3.585334 97.921528 0.005417 1.491321 0.040915 
282 45.646758 0.000000 5.450567 99.550403 0.045540 2.505960 0.008344 
283 47.663281 0.000000 -20.662703 99.851113 -0.018690 2.014541 0.002570 
284 47.663281 0.000000 -28.123637 99.958469 -0.038791 1.938535 0.000455 
285 55.729375 0.000000 -20.662703 99.813237 0.007480 1.902244 0.003370 
286 43.630234 0.000000 -9.471302 98.527914 0.248821 2.479932 0.028604 
287 39.597187 0.000000 -9.471302 99.492998 -0.134794 2.892525 0.009276 
288 43.630234 0.000000 -13.201769 99.755465 -0.117971 2.250701 0.004377 
289 47.663281 0.000000 -9.471302 98.837164 -0.032814 2.221391 0.022628 
290 45.646758 0.000000 -3.875601 127.037451 0.087242 4.175328 -0.615595 
291 43.630234 0.000000 -3.875601 126.650379 0.074265 4.154788 -0.605759 
292 45.646758 0.000000 -5.740834 100.274575 0.051376 2.342381 -0.006048 
293 47.663281 0.000000 -3.875601 100.123056 -0.026375 5.068145 -0.005031 
294 49.679805 0.000000 -0.145134 95.067808 0.011466 3.775119 0.094786 
295 49.679805 0.000000 -2.010367 96.415860 0.021494 3.361150 0.069268 
296 51.696328 0.000000 -0.145134 98.279905 -0.002696 3.494768 0.032885 
297 49.679805 0.000000 1.720100 95.717882 0.027313 5.071197 0.081237 
298 46.655020 0.000000 -1.077750 37.598844 0.137856 17.467623 0.828119 
299 45.646758 0.000000 -1.077750 117.397136 0.099124 5.564629 -0.381306 
300 46.655020 0.000000 -2.010367 94.091058 0.144438 6.235261 0.110797 
301 47.663281 0.000000 -1.077750 67.567405 -0.025526 13.902317 0.524137 
302 46.655020 0.000000 -0.145134 0.000000 0.223611 11.085613 0.987706 
303 51.696328 0.000000 -9.471302 99.120716 0.220411 1.919670 0.017135 
304 51.696328 0.000000 -13.201769 99.617155 0.045724 2.029283 0.007230 
305 55.729375 0.000000 -9.471302 99.556637 0.062199 1.893949 0.008489 
306 49.679805 0.000000 -3.875601 98.093008 0.015551 3.003675 0.036874 
307 49.679805 0.000000 -5.740834 98.883483 -0.021628 2.616283 0.021521 
308 51.696328 0.000000 -3.875601 98.809184 -0.055750 2.190378 0.023194 
309 46.655020 0.000000 -2.942984 117.141626 0.145015 3.652285 -0.373552 
310 45.646758 0.000000 -2.942984 119.932245 0.119080 3.801482 -0.439821 
311 46.655020 0.000000 -3.875601 102.303163 0.016849 3.432343 -0.047772 
312 47.663281 0.000000 -2.942984 99.062033 -0.018910 8.409387 0.011600 
313 48.671543 0.000000 -1.077750 90.136828 -0.029076 5.217959 0.184812 
314 48.671543 0.000000 -2.010367 93.457070 -0.043700 5.394075 0.123668 
315 49.679805 0.000000 -1.077750 95.551078 0.021026 3.476933 0.085790 
316 48.671543 0.000000 -0.145134 88.189371 -0.027559 4.288474 0.220424 
317 47.159150 0.000000 -1.544059 30.554519 0.110731 17.594841 0.875683 
318 46.655020 0.000000 -1.544059 49.475823 0.113100 14.549492 0.734044 
319 47.159150 0.000000 -2.010367 78.997481 0.157302 7.905175 0.369688 
320 47.663281 0.000000 -1.544059 111.047957 0.191764 3.270468 -0.234238 
321 47.159150 0.000000 -1.077750 13.741195 0.141820 21.838241 0.933425 
322 41.613711 0.000000 -0.145134 122.781652 0.019931 5.614375 -0.510686 
323 39.597187 0.000000 -0.145134 122.426843 0.016339 5.556805 -0.501921 
324 41.613711 0.000000 -2.010367 127.726503 0.039854 5.709054 -0.634665 
325 41.613711 0.000000 1.720100 122.141605 0.006600 2.385063 -0.492426 
326 44.638496 0.000000 -1.077750 124.284673 0.034113 5.803678 -0.548036 
327 43.630234 0.000000 -1.077750 125.416947 0.036913 5.528390 -0.575998 
328 44.638496 0.000000 -2.010367 121.972777 0.086537 5.692730 -0.490977 
329 44.638496 0.000000 -0.145134 123.804296 0.023133 5.892647 -0.536223 
330 46.150889 0.000000 -1.544059 115.022983 0.132552 4.061008 -0.324680 
331 45.646758 0.000000 -1.544059 116.217690 0.122344 4.226850 -0.352443 
332 46.150889 0.000000 -2.010367 113.229143 0.161892 3.470767 -0.283291 
333 46.150889 0.000000 -1.077750 116.071315 0.119626 4.279330 -0.349088 
334 48.671543 0.000000 -2.942984 96.414112 -0.020635 4.836375 0.068093 
335 48.671543 0.000000 -3.875601 98.075148 -0.025687 4.008017 0.036520 
336 49.679805 0.000000 -2.942984 97.334629 0.018378 3.207302 0.051568 
337 47.159150 0.000000 -2.476676 111.029146 0.166554 3.402149 -0.233907 
338 46.655020 0.000000 -2.476676 114.887599 0.148884 3.580779 -0.321200 
339 47.159150 0.000000 -2.942984 111.045143 0.180498 3.331240 -0.234215 
340 47.663281 0.000000 -2.476676 96.028293 -0.042283 11.561138 0.064491 
341 46.907085 0.000000 -1.777213 19.280573 0.114991 17.063663 0.933708 
342 46.655020 0.000000 -1.777213 62.681671 0.125536 11.817900 0.593133 
343 46.907085 0.000000 -2.010367 47.497867 0.131245 13.140311 0.757127 
344 47.159150 0.000000 -1.777213 34.572729 0.122681 15.606526 0.856115 
345 46.907085 0.000000 -1.544059 33.619598 0.107294 17.282663 0.857102 
346 46.655020 0.000000 0.787483 38.506014 -0.052080 -8.273524 0.844883 
347 45.646758 0.000000 0.787483 117.102037 0.010106 3.594747 -0.372581 
348 47.663281 0.000000 0.787483 62.460899 -0.010659 -2.055998 0.609441 
349 46.655020 0.000000 1.720100 59.446856 -0.014100 -5.816737 0.643224 
350 49.679805 0.000000 3.585334 97.346902 0.032280 4.383081 0.050437 
351 51.696328 0.000000 3.585334 98.519533 -0.027235 5.168838 0.026718 
352 49.679805 0.000000 5.450567 98.413335 -0.009513 2.971427 0.030599 
353 48.671543 0.000000 0.787483 88.854833 -0.025061 3.492843 0.209262 
354 49.679805 0.000000 0.787483 95.135725 0.024986 4.430637 0.092956 
355 48.671543 0.000000 1.720100 91.574788 -0.037975 3.347003 0.160285 
356 46.655020 0.000000 2.652717 111.551465 0.006021 -1.526360 -0.244606 
357 45.646758 0.000000 2.652717 114.511509 -0.001308 0.202257 -0.311293 
358 47.663281 0.000000 2.652717 94.746154 -0.001287 -1.684444 0.102033 
359 46.655020 0.000000 3.585334 125.689971 -0.008078 -4.085246 -0.581466 
360 47.159150 0.000000 1.253792 22.696944 -0.040929 -10.965928 0.936460 
361 46.655020 0.000000 1.253792 44.193875 -0.033064 -8.099634 0.798130 
362 47.159150 0.000000 0.787483 12.095896 -0.068520 -11.729378 0.971611 
363 47.663281 0.000000 1.253792 69.509808 -0.007969 -5.165714 0.514170 
364 47.159150 0.000000 1.720100 32.568867 -0.020391 -8.401706 0.886868 
365 47.159150 0.000000 0.321175 0.000000 -0.147998 -6.479664 0.995799 
366 46.655020 0.000000 0.321175 0.000000 -0.145029 -6.489039 0.995787 
367 47.159150 0.000000 -0.145134 0.000000 0.132692 7.226557 0.994776 
368 47.663281 0.000000 0.321175 58.988720 -0.013301 1.824411 0.651700 
369 44.638496 0.000000 0.787483 123.523733 0.014140 5.410800 -0.528739 
370 43.630234 0.000000 0.787483 123.041643 0.013400 4.688328 -0.516123 
371 44.638496 0.000000 1.720100 119.608900 -0.003097 3.186136 -0.431644 
372 46.150889 0.000000 0.321175 120.183714 0.018473 4.033964 -0.446040 
373 45.646758 0.000000 0.321175 123.673946 0.019433 5.797203 -0.532885 
374 46.150889 0.000000 -0.145134 123.773061 0.022296 5.879504 -0.535434 
375 46.150889 0.000000 0.787483 113.628232 -0.006105 2.556534 -0.291791 
376 47.159150 0.000000 -0.611442 0.000000 0.252801 21.762066 0.952635 
377 46.655020 0.000000 -0.611442 27.168405 0.165888 18.343067 0.892538 
378 47.663281 0.000000 -0.611442 61.316613 -0.025825 10.135389 0.613755 
379 46.907085 0.000000 0.088021 0.000000 0.020037 2.723064 0.999258 
380 46.655020 0.000000 0.088021 0.000000 0.054917 4.157140 0.998272 
381 46.907085 0.000000 -0.145134 0.000000 0.192679 9.494085 0.990983 
382 47.159150 0.000000 0.088021 0.000000 0.049524 3.937838 0.998449 
383 46.907085 0.000000 0.321175 0.000000 -0.152303 -6.069127 0.996314 
384 46.150889 0.000000 -0.611442 116.947923 0.103315 5.380701 -0.370578 
385 45.646758 0.000000 -0.611442 118.940721 0.073007 4.994655 -0.417185 
386 46.907085 0.000000 -0.378288 0.000000 0.304677 17.881893 0.968015 
387 46.655020 0.000000 -0.378288 0.000000 0.321115 18.398695 0.966138 
388 46.907085 0.000000 -0.611442 5.818973 0.264390 20.447080 0.954799 
389 47.159150 0.000000 -0.378288 0.000000 0.295137 17.449183 0.969544 
390 48.167412 0.000000 0.321175 78.965273 -0.024827 3.238066 0.375400 
391 48.167412 0.000000 -0.145134 78.852167 -0.025938 4.886271 0.375846 
392 48.671543 0.000000 0.321175 88.188298 -0.026477 3.820338 0.220823 
393 48.167412 0.000000 0.787483 80.634712 -0.023322 1.848085 0.349463 
394 47.411216 0.000000 0.088021 41.720736 0.002738 3.738961 0.824540 
395 47.411216 0.000000 -0.145134 41.880135 0.002533 6.640961 0.820195 
396 47.663281 0.000000 0.088021 58.441381 -0.014265 3.882060 0.656953 
397 47.411216 0.000000 0.321175 42.285206 0.004963 0.855663 0.821123 
398 47.033118 0.000000 -0.028556 0.000000 0.098604 5.902567 0.996515 
399 46.907085 0.000000 -0.028556 0.000000 0.101583 6.019681 0.996375 
400 47.033118 0.000000 -0.145134 0.000000 0.169098 8.611215 0.992582 
401 47.159150 0.000000 -0.028556 0.000000 0.092089 5.645553 0.996812 
402 47.033118 0.000000 0.088021 0.000000 0.029829 3.129331 0.999021 
403 46.402954 0.000000 0.088021 122.625622 -0.016478 5.887959 -0.507171 
404 46.150889 0.000000 0.088021 123.728946 0.021064 5.851736 -0.534310 
405 46.402954 0.000000 -0.145134 124.888897 0.059756 5.790244 -0.563077 
406 46.402954 0.000000 0.321175 120.268751 -0.010808 4.410176 -0.448402 
407 46.781052 0.000000 -0.028556 0.000000 0.096126 5.804949 0.996629 
408 46.655020 0.000000 -0.028556 0.000000 0.090242 5.572426 0.996894 
409 46.781052 0.000000 -0.145134 0.000000 0.153843 8.034429 0.993542 
410 46.781052 0.000000 0.088021 0.000000 0.037514 3.446220 0.998812 
411 46.907085 0.000000 0.554329 3.453764 -0.144014 -9.738962 0.989320 
412 46.655020 0.000000 0.554329 19.700538 -0.101345 -9.027205 0.953039 
413 47.159150 0.000000 0.554329 0.000000 -0.134649 -10.020505 0.989957 
414 46.907085 0.000000 0.787483 5.703009 -0.084638 -12.660374 0.980718 
415 47.033118 0.000000 0.204598 0.000000 -0.062732 -1.609163 0.999741 
416 46.907085 0.000000 0.204598 0.000000 -0.072120 -1.869260 0.999650 
417 47.159150 0.000000 0.204598 0.000000 -0.110656 -3.436016 0.998818 
418 47.033118 0.000000 0.321175 0.000000 -0.141535 -5.844445 0.996582 
419 46.970101 0.000000 0.029732 0.000000 0.060892 4.400235 0.998063 
420 46.907085 0.000000 0.029732 0.000000 0.060519 4.385210 0.998077 
421 46.970101 0.000000 -0.028556 0.000000 0.101215 6.005221 0.996393 
422 47.033118 0.000000 0.029732 0.000000 0.063539 4.506887 0.997968 
423 46.970101 0.000000 0.088021 0.000000 0.021290 2.775203 0.999230 
424 46.781052 0.000000 0.204598 0.000000 -0.072812 -1.700253 0.999710 
425 46.655020 0.000000 0.204598 0.000000 -0.108448 -2.242589 0.999496 
426 46.781052 0.000000 0.321175 0.000000 -0.135260 -5.735935 0.996708 
427 46.844069 0.000000 0.029732 0.000000 0.062670 4.471901 0.998000 
428 46.781052 0.000000 0.029732 0.000000 0.066061 4.608304 0.997876 
429 46.844069 0.000000 -0.028556 0.000000 0.099460 5.936243 0.996475 
430 46.844069 0.000000 0.088021 0.000000 0.027090 3.015930 0.999090 
431 48.167412 0.000000 -0.611442 80.334260 -0.026703 6.514386 0.350397 
432 48.167412 0.000000 -1.077750 83.244951 -0.027249 7.795471 0.300951 
433 48.671543 0.000000 -0.611442 88.873243 -0.028394 4.796940 0.207854 
434 47.411216 0.000000 -0.378288 0.000000 0.191490 25.017385 0.937409 
435 47.411216 0.000000 -0.611442 0.000000 0.180766 23.738253 0.943646 
436 47.663281 0.000000 -0.378288 59.571817 -0.025991 8.056626 0.638629 
437 47.033118 0.000000 -0.261711 0.000000 0.295482 15.267765 0.976681 
438 46.907085 0.000000 -0.261711 0.000000 0.320493 15.745925 0.975196 
439 47.033118 0.000000 -0.378288 0.000000 0.310024 17.471106 0.969466 
440 47.159150 0.000000 -0.261711 0.000000 0.288678 15.769616 0.975124 
441 46.970101 0.000000 -0.086845 0.000000 0.143532 7.641765 0.994158 
442 46.907085 0.000000 -0.086845 0.000000 0.144888 7.693529 0.994079 
443 46.970101 0.000000 -0.145134 0.000000 0.189248 9.366236 0.991224 
444 47.033118 0.000000 -0.086845 0.000000 0.134341 7.289952 0.994684 
445 46.938593 0.000000 0.000588 0.000000 0.118682 5.131253 0.997366 
446 46.907085 0.000000 0.000588 0.000000 0.080874 5.201707 0.997294 
447 46.938593 0.000000 -0.028556 0.000000 0.101741 6.025867 0.996368 
448 46.970101 0.000000 0.000588 0.000000 0.080882 5.202002 0.997293 
449 46.938593 0.000000 0.029732 0.000000 0.060360 4.378782 0.998082 
450 46.402954 0.000000 -0.378288 119.842808 0.104037 4.872423 -0.438605 
451 46.150889 0.000000 -0.378288 119.170797 0.080298 6.299063 -0.424136 
452 46.402954 0.000000 -0.611442 71.002723 0.141772 12.309946 0.480706 
453 46.781052 0.000000 -0.261711 0.000000 0.280203 14.963631 0.977601 
454 46.655020 0.000000 -0.261711 0.000000 0.290733 15.258351 0.976710 
455 46.781052 0.000000 -0.378288 0.000000 0.304294 17.454045 0.969526 
456 46.844069 0.000000 -0.086845 0.000000 0.137279 7.402645 0.994518 
457 46.781052 0.000000 -0.086845 0.000000 0.126157 6.974972 0.995133 
458 46.844069 0.000000 -0.145134 0.000000 0.175083 8.836234 0.992189 
459 46.875577 0.000000 0.000588 0.000000 0.080892 5.202356 0.997293 
460 46.844069 0.000000 0.000588 0.000000 0.080921 5.203413 0.997292 
461 46.875577 0.000000 -0.028556 0.000000 0.100773 5.987874 0.996414 
462 46.875577 0.000000 0.029732 0.000000 0.061339 4.418259 0.998048 
463 46.938593 0.000000 -0.057701 0.000000 0.123189 6.860536 0.995292 
464 46.907085 0.000000 -0.057701 0.000000 0.122845 6.847234 0.995310 
465 46.938593 0.000000 -0.086845 0.000000 0.145474 7.715867 0.994044 
466 46.970101 0.000000 -0.057701 0.000000 0.122043 6.816228 0.995352 
467 46.922839 0.000000 -0.013984 0.000000 0.320644 9.033402 0.991829 
468 46.907085 0.000000 -0.013984 0.000000 0.091172 5.610015 0.996852 
469 46.922839 0.000000 -0.028556 0.000000 0.101749 6.026179 0.996367 
470 46.938593 0.000000 -0.013984 0.000000 0.317732 8.981506 0.991923 
471 46.922839 0.000000 0.000588 0.000000 0.118208 5.114610 0.997383 
472 -170.121250 0.000000 -177.342325 99.984481 0.000080 1.744970 0.000006 
473 -234.650000 0.000000 -177.342325 99.984595 0.000040 1.745113 0.000004 
474 -170.121250 0.000000 -237.029800 99.984655 0.000066 1.745010 0.000002 
475 217.051250 0.000000 -177.342325 99.984580 0.000212 1.746994 0.000003 
476 217.051250 0.000000 -237.029800 99.984756 0.000167 1.746315 -0.000000 
477 281.580000 0.000000 -177.342325 99.984622 0.000192 1.746828 0.000002 
478 -73.328125 0.000000 -87.811112 99.981825 0.000672 1.743308 0.000060 
479 -105.592500 0.000000 -87.811112 99.983060 0.000316 1.744402 0.000034 
480 -73.328125 0.000000 -117.654850 99.983219 0.000506 1.743540 0.000032 
481 120.258125 0.000000 -87.811112 99.982557 0.000536 1.752904 0.000042 
482 120.258125 0.000000 -117.654850 99.984036 0.000469 1.750238 0.000013 
483 152.522500 0.000000 -87.811112 99.983293 0.000386 1.751603 0.000027 
484 -24.931563 0.000000 -43.045506 99.967680 0.024866 1.709509 0.000354 
485 -41.063750 0.000000 -43.045506 99.965701 0.012019 1.735268 0.000385 
486 -24.931563 0.000000 -57.967375 99.967757 0.014898 1.725206 0.000347 
487 71.861562 0.000000 -43.045506 99.965726 0.090088 1.793767 0.000363 
488 71.861562 0.000000 -57.967375 99.983820 -0.026327 1.778822 0.000007 
489 87.993750 0.000000 -43.045506 99.971589 -0.028342 1.777116 0.000252 
490 -0.733281 0.000000 -20.662703 99.728037 0.046860 1.523870 0.005199 
491 -8.799375 0.000000 -20.662703 99.812604 -0.081173 1.643775 0.003474 
492 -0.733281 0.000000 -28.123637 99.873559 -0.059010 1.610605 0.002267 
493 -16.865469 0.000000 -20.662703 99.882748 -0.035664 1.701869 0.002054 
494 -24.931563 0.000000 -20.662703 99.924625 -0.015253 1.726940 0.001209 
495 -16.865469 0.000000 -28.123637 99.905554 0.096931 1.692731 0.001601 
496 11.365859 0.000000 -9.471302 100.325438 0.047264 0.769761 -0.006579 
497 7.332812 0.000000 -9.471302 100.005042 0.049713 0.635046 -0.000141 
498 11.365859 0.000000 -13.201769 100.199955 0.060322 1.114103 -0.004128 
499 -16.865469 0.000000 9.181034 99.841096 -0.016987 1.764456 0.002864 
500 -24.931563 0.000000 9.181034 99.907822 -0.005573 1.749860 0.001537 
501 -16.865469 0.000000 16.641969 99.866816 0.003238 1.774365 0.002347 
502 -4.766328 0.000000 5.450567 99.311300 0.059472 1.924179 0.013356 
503 -8.799375 0.000000 5.450567 99.625943 0.010798 1.803444 0.007142 
504 -4.766328 0.000000 9.181034 99.479896 0.028327 1.946576 0.009996 
505 35.564141 0.000000 -9.471302 100.196592 -0.109926 2.768418 -0.004703 
506 35.564141 0.000000 -13.201769 100.261577 -0.087084 2.412812 -0.005821 
507 21.448477 0.000000 -0.145134 126.386990 -0.028782 -0.308974 -0.597377 
508 19.431953 0.000000 -0.145134 127.928565 -0.025894 0.938408 -0.636660 
509 23.465000 0.000000 -0.145134 111.213799 -0.033247 -5.259326 -0.239617 
510 25.481523 0.000000 -0.145134 120.371565 -0.088361 -4.348637 -0.450823 
511 27.498047 0.000000 -0.145134 -168.167936 -0.000475 0.871188 -1.828121 
512 63.795469 0.000000 -20.662703 99.860123 -0.006373 1.835533 0.002459 
513 63.795469 0.000000 -28.123637 99.907321 -0.011124 1.830630 0.001518 
514 71.861562 0.000000 -20.662703 99.912631 0.021585 1.830384 0.001412 
515 41.613711 0.000000 -3.875601 128.951911 0.041021 4.670968 -0.665041 
516 39.597187 0.000000 -3.875601 130.616729 0.012949 5.003563 -0.708577 
517 41.613711 0.000000 -5.740834 131.920011 0.015430 4.304582 -0.742142 
518 41.613711 0.000000 3.585334 117.581807 0.016146 1.936204 -0.382923 
519 39.597187 0.000000 3.585334 114.828624 0.029979 2.395225 -0.319135 
520 41.613711 0.000000 5.450567 120.368926 0.029138 -3.651243 -0.450201 
521 44.638496 0.000000 2.652717 121.417044 -0.009543 2.897741 -0.475050 
522 43.630234 0.000000 2.652717 122.892507 -0.006980 1.659048 -0.510532 
523 44.638496 0.000000 3.585334 123.510031 -0.012445 1.874836 -0.525824 
524 44.638496 0.000000 -2.942984 125.575083 0.067422 5.224238 -0.579640 
525 43.630234 0.000000 -2.942984 126.727024 0.062164 4.969356 -0.608444 
526 44.638496 0.000000 -3.875601 126.901608 0.081241 4.082686 -0.612069 
527 46.150889 0.000000 -2.476676 116.255518 0.137391 3.642208 -0.352863 
528 45.646758 0.000000 -2.476676 117.419626 0.122105 4.301184 -0.380588 
529 46.150889 0.000000 -2.942984 116.907956 0.135332 3.647898 -0.368080 
530 48.167412 0.000000 -1.544059 87.102577 -0.027809 8.416265 0.234231 
531 48.167412 0.000000 -2.010367 91.017394 -0.028430 8.201232 0.164857 
532 48.671543 0.000000 -1.544059 91.757422 -0.029691 5.429777 0.155109 
533 48.167412 0.000000 -2.476676 94.292841 -0.044475 7.409611 0.105396 
534 48.167412 0.000000 -2.942984 96.621728 -0.019467 6.425736 0.062295 
535 48.671543 0.000000 -2.476676 95.068261 -0.017245 5.176581 0.093523 
536 46.150889 0.000000 1.253792 112.670300 -0.003551 1.840021 -0.269798 
537 45.646758 0.000000 1.253792 113.845893 -0.004066 2.750065 -0.296845 
538 46.150889 0.000000 1.720100 111.238782 0.002096 0.507438 -0.237432 
539 48.671543 0.000000 2.652717 94.576904 -0.004735 3.427312 0.104346 
540 49.679805 0.000000 2.652717 96.546828 0.030245 5.062375 0.065308 
541 48.671543 0.000000 3.585334 96.660899 -0.005478 3.241442 0.064616 
542 48.167412 0.000000 1.253792 83.599159 -0.021458 0.953309 0.301027 
543 48.671543 0.000000 1.253792 90.059441 -0.023261 3.345513 0.187810 
544 48.167412 0.000000 1.720100 87.277855 -0.019405 0.689683 0.238210 
545 47.411216 0.000000 0.554329 0.000000 -0.086767 -13.488267 0.981806 
546 47.663281 0.000000 0.554329 60.311002 -0.012057 -0.155746 0.636256 
547 47.411216 0.000000 0.787483 0.000000 -0.086912 -13.493531 0.981792 
548 46.402954 0.000000 0.554329 69.589708 -0.037872 -3.546406 0.514469 
549 46.150889 0.000000 0.554329 114.250866 -0.005677 3.499615 -0.306551 
550 46.402954 0.000000 0.787483 69.685685 -0.037194 -3.651874 0.513057 
551 46.875577 0.000000 -0.057701 0.000000 0.121086 6.779193 0.995403 
552 46.844069 0.000000 -0.057701 0.000000 0.118266 6.669924 0.995550 
553 46.875577 0.000000 -0.086845 0.000000 0.141927 7.580464 0.994252 
554 3.299766 0.000000 -9.471302 99.302234 -0.020053 0.746778 0.013851 
555 -0.733281 0.000000 -9.471302 99.189917 0.066774 1.278795 0.015972 
556 3.299766 0.000000 -13.201769 99.618237 -0.001760 1.135049 0.007492 
557 -4.766328 0.000000 -9.471302 99.475539 0.033849 1.565624 0.010216 
558 -8.799375 0.000000 -9.471302 99.646172 -0.015232 1.699476 0.006775 
559 -4.766328 0.000000 -13.201769 99.618336 0.040661 1.558151 0.007376 
1 19 21 9 22 
2 20 19 22 4 
3 28 29 3 30 
4 21 28 30 9 
5 35 37 21 38 
6 36 35 38 19 
7 44 45 28 46 
8 37 44 46 21 
9 51 53 37 54 
10 52 51 54 35 
11 11 62 60 61 
12 62 10 24 60 
13 60 24 14 63 
14 61 60 63 6 
15 24 66 64 65 
16 66 23 40 64 
17 64 40 27 67 
18 65 64 67 14 
19 40 70 68 69 
20 69 68 71 27 
21 72 73 44 74 
22 53 72 74 37 
23 75 77 53 78 
24 76 75 78 51 
25 6 63 92 93 
26 63 14 36 92 
27 92 36 19 94 
28 93 92 94 20 
29 14 67 95 96 
30 67 27 52 95 
31 95 52 35 97 
32 96 95 97 36 
33 27 71 98 99 
34 98 76 51 100 
35 99 98 100 52 
36 101 103 75 104 
37 102 101 104 76 
38 79 107 105 106 
39 107 82 108 105 
40 68 112 110 111 
41 112 56 80 110 
42 110 80 43 113 
43 111 110 113 71 
44 80 116 114 115 
45 116 79 106 114 
46 114 106 83 117 
47 115 114 117 43 
48 118 119 72 120 
49 77 118 120 53 
50 121 122 77 123 
51 103 121 123 75 
52 83 109 124 125 
53 109 59 126 124 
54 124 126 103 127 
55 125 124 127 101 
56 106 130 128 129 
57 130 105 131 128 
58 128 131 109 132 
59 129 128 132 83 
60 82 134 133 108 
61 134 88 135 133 
62 133 135 91 136 
63 108 133 136 59 
64 105 138 137 131 
65 138 108 139 137 
66 137 139 59 140 
67 131 137 140 109 
68 59 136 141 126 
69 136 91 142 141 
70 141 142 121 143 
71 126 141 143 103 
72 88 149 148 135 
73 135 148 151 91 
74 152 153 118 154 
75 122 152 154 77 
76 91 151 155 142 
77 155 156 122 157 
78 142 155 157 121 
79 12 160 158 159 
80 160 7 161 158 
81 158 161 13 25 
82 159 158 25 10 
83 25 164 162 163 
84 164 13 165 162 
85 162 165 26 41 
86 163 162 41 23 
87 41 168 166 167 
88 168 26 169 166 
89 166 169 42 57 
90 167 166 57 39 
91 57 172 170 171 
92 172 42 173 170 
93 170 173 58 89 
94 171 170 89 55 
95 89 176 174 175 
96 176 58 177 174 
97 174 177 90 149 
98 175 174 149 88 
99 179 144 180 178 
100 178 180 147 181 
101 149 184 182 183 
102 184 90 185 182 
103 182 185 150 186 
104 183 182 186 148 
105 181 147 188 187 
106 187 188 152 189 
107 156 187 189 122 
108 151 192 190 191 
109 192 5 193 190 
110 190 193 156 194 
111 191 190 194 155 
112 7 196 195 161 
113 196 16 197 195 
114 195 197 15 32 
115 161 195 32 13 
116 13 199 198 165 
117 199 32 200 198 
118 198 200 31 48 
119 165 198 48 26 
120 26 202 201 169 
121 202 48 203 201 
122 201 203 47 85 
123 169 201 85 42 
124 42 205 204 173 
125 205 85 206 204 
126 204 206 84 145 
127 173 204 145 58 
128 58 208 207 177 
129 208 145 209 207 
130 207 209 144 179 
131 177 207 179 90 
132 90 211 210 185 
133 211 179 212 210 
134 210 212 178 213 
135 185 210 213 150 
136 5 215 214 193 
137 215 181 216 214 
138 214 216 187 217 
139 193 214 217 156 
140 15 219 218 33 
141 219 17 220 218 
142 218 220 8 221 
143 33 218 221 18 
144 31 223 222 49 
145 223 33 224 222 
146 222 224 18 225 
147 49 222 225 34 
148 227 49 228 226 
149 226 228 34 229 
150 144 235 234 180 
151 235 146 236 234 
152 234 236 87 237 
153 180 234 237 147 
154 18 221 238 45 
155 221 8 239 238 
156 238 239 29 240 
157 45 238 240 28 
158 34 225 241 73 
159 225 18 242 241 
160 241 242 45 243 
161 73 241 243 44 
162 229 34 245 244 
163 244 245 73 246 
164 119 244 246 72 
165 247 248 119 249 
166 153 247 249 118 
167 147 237 250 188 
168 237 87 251 250 
169 250 251 153 252 
170 188 250 252 152 
171 257 258 247 259 
172 251 257 259 153 
173 86 261 260 232 
174 261 226 262 260 
175 260 262 229 263 
176 232 260 263 50 
177 265 232 266 264 
178 264 266 50 267 
179 50 263 273 248 
180 263 229 274 273 
181 273 274 244 275 
182 248 273 275 119 
183 267 50 277 276 
184 276 277 248 278 
185 258 276 278 247 
186 279 281 258 282 
187 280 279 282 257 
188 85 284 283 206 
189 284 47 285 283 
190 283 285 86 231 
191 206 283 231 84 
192 84 288 286 287 
193 288 231 289 286 
194 286 289 230 254 
195 287 286 254 146 
196 254 292 290 291 
197 292 230 293 290 
198 295 264 296 294 
199 294 296 267 297 
200 231 304 303 289 
201 304 86 305 303 
202 303 305 232 265 
203 289 303 265 230 
204 230 307 306 293 
205 307 265 308 306 
206 306 308 264 295 
207 290 311 309 310 
208 311 293 312 309 
209 314 295 315 313 
210 313 315 294 316 
211 319 255 320 317 
212 317 320 301 321 
213 318 317 321 298 
214 236 324 322 323 
215 324 253 269 322 
216 322 269 256 325 
217 323 322 325 87 
218 253 328 326 327 
219 328 270 299 326 
220 326 299 268 329 
221 327 326 329 269 
222 270 332 330 331 
223 332 300 318 330 
224 330 318 298 333 
225 331 330 333 299 
226 293 335 334 312 
227 335 306 336 334 
228 334 336 295 314 
229 309 339 337 338 
230 339 312 340 337 
231 337 340 255 319 
232 338 337 319 300 
233 300 343 341 342 
234 343 319 344 341 
235 341 344 317 345 
236 342 341 345 318 
237 297 267 351 350 
238 350 351 276 352 
239 281 350 352 258 
240 316 294 354 353 
241 353 354 297 355 
242 272 349 356 357 
243 349 233 358 356 
244 356 358 281 359 
245 357 356 359 279 
246 346 362 360 361 
247 362 348 363 360 
248 360 363 233 364 
249 361 360 364 349 
250 269 329 369 370 
251 329 268 347 369 
252 369 347 272 371 
253 370 369 371 256 
254 268 374 372 373 
255 373 372 375 347 
256 298 321 376 377 
257 321 301 378 376 
258 299 333 384 385 
259 333 298 377 384 
260 385 384 374 268 
261 377 388 386 387 
262 388 376 389 386 
263 271 391 390 368 
264 391 316 392 390 
265 390 392 353 393 
266 368 390 393 348 
267 367 395 394 382 
268 395 271 396 394 
269 394 396 368 397 
270 382 394 397 365 
271 400 367 401 398 
272 398 401 382 402 
273 374 405 403 404 
274 405 302 380 403 
275 403 380 366 406 
276 404 403 406 372 
277 302 409 407 408 
278 408 407 410 380 
279 366 383 411 412 
280 383 365 413 411 
281 411 413 362 414 
282 412 411 414 346 
283 379 402 415 416 
284 402 382 417 415 
285 415 417 365 418 
286 416 415 418 383 
287 421 398 422 419 
288 419 422 402 423 
289 420 419 423 379 
290 380 410 424 425 
291 410 379 416 424 
292 424 416 383 426 
293 425 424 426 366 
294 407 429 427 428 
295 427 420 379 430 
296 428 427 430 410 
297 301 432 431 378 
298 432 313 433 431 
299 431 433 316 391 
300 378 431 391 271 
301 376 435 434 389 
302 435 378 436 434 
303 434 436 271 395 
304 389 434 395 367 
305 386 439 437 438 
306 439 389 440 437 
307 437 440 367 400 
308 438 437 400 381 
309 381 443 441 442 
310 443 400 444 441 
311 441 444 398 421 
312 447 421 448 445 
313 445 448 419 449 
314 446 445 449 420 
315 384 452 450 451 
316 452 377 387 450 
317 450 387 302 405 
318 451 450 405 374 
319 387 455 453 454 
320 455 386 438 453 
321 453 438 381 409 
322 454 453 409 302 
323 409 458 456 457 
324 458 381 442 456 
325 457 456 429 407 
326 429 461 459 460 
327 461 399 446 459 
328 459 446 420 462 
329 460 459 462 427 
330 442 465 463 464 
331 465 441 466 463 
332 463 466 421 447 
333 464 463 447 399 
334 399 469 467 468 
335 469 447 470 467 
336 467 470 445 471 
337 468 467 471 446 
338 1 474 472 473 
339 474 12 159 472 
340 472 159 10 62 
341 473 472 62 11 
342 16 476 475 197 
343 476 2 477 475 
344 475 477 17 219 
345 197 475 219 15 
346 10 480 478 479 
347 480 25 163 478 
348 478 163 23 66 
349 479 478 66 24 
350 32 482 481 200 
351 482 15 483 481 
352 481 483 33 223 
353 200 481 223 31 
354 23 486 484 485 
355 486 41 167 484 
356 484 167 39 70 
357 485 484 70 40 
358 48 488 487 203 
359 488 31 489 487 
360 487 489 49 227 
361 203 487 227 47 
362 39 492 490 491 
363 492 57 171 490 
364 490 171 55 81 
365 491 490 81 56 
366 70 495 493 494 
367 495 39 491 493 
368 493 491 56 112 
369 494 493 112 68 
370 55 498 496 497 
371 498 89 175 496 
372 496 175 88 134 
373 497 496 134 82 
374 71 113 499 500 
375 113 43 102 499 
376 499 102 76 501 
377 500 499 501 98 
378 43 117 502 503 
379 117 83 125 502 
380 502 125 101 504 
381 503 502 504 102 
382 145 506 505 209 
383 506 84 287 505 
384 505 287 146 235 
385 209 505 235 144 
386 148 186 507 508 
387 186 150 509 507 
388 507 509 5 192 
389 508 507 192 151 
390 150 213 510 509 
391 213 178 511 510 
392 510 511 181 215 
393 509 510 215 5 
394 47 513 512 285 
395 513 227 514 512 
396 512 514 226 261 
397 285 512 261 86 
398 146 517 515 516 
399 517 254 291 515 
400 515 291 253 324 
401 516 515 324 236 
402 87 325 518 519 
403 325 256 280 518 
404 518 280 257 520 
405 519 518 520 251 
406 256 371 521 522 
407 371 272 357 521 
408 521 357 279 523 
409 522 521 523 280 
410 291 526 524 525 
411 526 290 310 524 
412 524 310 270 328 
413 525 524 328 253 
414 310 529 527 528 
415 529 309 338 527 
416 527 338 300 332 
417 528 527 332 270 
418 255 531 530 320 
419 531 314 532 530 
420 530 532 313 432 
421 320 530 432 301 
422 312 534 533 340 
423 534 334 535 533 
424 533 535 314 531 
425 340 533 531 255 
426 347 375 536 537 
427 375 346 361 536 
428 536 361 349 538 
429 537 536 538 272 
430 233 355 539 358 
431 355 297 540 539 
432 539 540 350 541 
433 358 539 541 281 
434 348 393 542 363 
435 393 353 543 542 
436 542 543 355 544 
437 363 542 544 233 
438 365 397 545 413 
439 397 368 546 545 
440 545 546 348 547 
441 413 545 547 362 
442 372 406 548 549 
443 406 366 412 548 
444 548 412 346 550 
445 549 548 550 375 
446 456 553 551 552 
447 553 442 464 551 
448 551 464 399 461 
449 552 551 461 429 
450 81 556 554 555 
451 556 55 497 554 
452 554 497 82 107 
453 555 554 107 79 
454 56 559 557 558 
455 559 81 555 557 
456 557 555 79 116 
457 558 557 116 80 
