2 0.000000 100.000000 157.431060
62 43 
1 -144.530000 0.000000 -161.850000 99.984770 0.000000 1.745241 0.000609 
2 207.520000 0.000000 -161.850000 99.984770 0.000000 1.745241 0.000609 
3 207.520000 0.000000 163.750000 99.984770 0.000000 1.745241 0.000609 
4 -144.530000 0.000000 163.750000 99.984770 0.000000 1.745241 0.000609 
5 31.495000 0.000000 0.950000 99.984770 0.000000 0.000000 0.000305 
6 -144.530000 0.000000 0.950000 99.984770 0.000000 1.745241 0.000609 
7 31.495000 0.000000 -161.850000 99.984770 0.000000 1.745241 0.000609 
8 207.520000 0.000000 0.950000 100.006325 0.000000 0.523151 -0.000099 
9 31.495000 0.000000 163.750000 99.984770 0.000000 1.745241 0.000609 
10 119.507500 0.000000 -80.450000 99.984770 0.000000 1.745241 0.000609 
11 31.495000 0.000000 -80.450000 99.984770 0.000000 1.745241 0.000609 
12 119.507500 0.000000 -161.850000 99.984770 0.000000 1.745241 0.000609 
13 207.520000 0.000000 -80.450000 99.995602 -0.000026 1.738698 0.000390 
14 119.507500 0.000000 0.950000 100.010880 -0.000092 0.308972 -0.000208 
15 -56.517500 0.000000 -80.450000 99.984770 0.000000 1.745241 0.000609 
16 -144.530000 0.000000 -80.450000 99.984770 0.000000 1.745241 0.000609 
17 -56.517500 0.000000 -161.850000 99.984770 0.000000 1.745241 0.000609 
18 -56.517500 0.000000 0.950000 99.984770 0.000000 1.745241 0.000609 
19 119.507500 0.000000 82.350000 99.984770 0.000000 1.745241 0.000609 
20 31.495000 0.000000 82.350000 99.984770 0.000000 1.745241 0.000609 
21 207.520000 0.000000 82.350000 99.975415 0.000026 1.734116 0.000793 
22 119.507500 0.000000 163.750000 99.984770 0.000000 1.745241 0.000609 
23 75.501250 0.000000 -39.750000 99.984770 0.000000 1.745241 0.000609 
24 31.495000 0.000000 -39.750000 99.984770 0.000000 1.745241 0.000609 
25 75.501250 0.000000 -80.450000 99.984770 0.000000 1.745241 0.000609 
26 119.507500 0.000000 -39.750000 100.032788 -0.000000 1.729028 -0.000357 
27 75.501250 0.000000 0.950000 100.016121 0.000064 0.340712 -0.000311 
28 -56.517500 0.000000 82.350000 99.984770 0.000000 1.745241 0.000609 
29 -144.530000 0.000000 82.350000 99.984770 0.000000 1.745241 0.000609 
30 -56.517500 0.000000 163.750000 99.984770 0.000000 1.745241 0.000609 
31 -12.511250 0.000000 -39.750000 99.984770 0.000000 1.745241 0.000609 
32 -56.517500 0.000000 -39.750000 99.984770 0.000000 1.745241 0.000609 
33 -12.511250 0.000000 -80.450000 99.984770 0.000000 1.745241 0.000609 
34 -12.511250 0.000000 0.950000 99.984770 0.000000 1.745241 0.000609 
35 75.501250 0.000000 41.650000 99.984770 0.000000 1.745241 0.000609 
36 31.495000 0.000000 41.650000 99.984770 0.000000 1.745241 0.000609 
37 119.507500 0.000000 41.650000 99.945172 0.000000 1.706260 0.001389 
38 75.501250 0.000000 82.350000 99.984770 0.000000 1.745241 0.000609 
39 53.498125 0.000000 -19.400000 99.911378 -0.000000 1.621891 0.002038 
40 31.495000 0.000000 -19.400000 99.984770 0.000000 1.745241 0.000609 
41 53.498125 0.000000 -39.750000 99.984770 0.000000 1.745241 0.000609 
42 75.501250 0.000000 -19.400000 99.938585 0.000000 1.546398 0.001469 
43 53.498125 0.000000 0.950000 99.980941 0.000016 0.951500 0.000472 
44 -12.511250 0.000000 41.650000 99.984770 0.000000 1.745241 0.000609 
45 -56.517500 0.000000 41.650000 99.984770 0.000000 1.745241 0.000609 
46 -12.511250 0.000000 82.350000 99.984770 0.000000 1.745241 0.000609 
47 9.491875 0.000000 -19.400000 99.984770 0.000000 1.745241 0.000609 
48 -12.511250 0.000000 -19.400000 99.984770 0.000000 1.745241 0.000609 
49 9.491875 0.000000 -39.750000 99.984770 0.000000 1.745241 0.000609 
50 9.491875 0.000000 0.950000 99.984770 0.000000 1.745241 0.000609 
51 53.498125 0.000000 21.300000 100.128967 -0.000000 1.491347 -0.002355 
52 31.495000 0.000000 21.300000 99.984770 0.000000 1.745241 0.000609 
53 75.501250 0.000000 21.300000 99.983353 -0.000000 1.573351 0.000581 
54 53.498125 0.000000 41.650000 99.984770 0.000000 1.745241 0.000609 
55 42.496562 0.000000 -9.225000 99.721914 -0.000000 1.254453 0.005735 
56 31.495000 0.000000 -9.225000 99.984770 0.000000 1.745241 0.000609 
57 42.496562 0.000000 -19.400000 99.984770 0.000000 1.745241 0.000609 
58 53.498125 0.000000 -9.225000 99.837315 0.000000 1.318802 0.003433 
59 42.496562 0.000000 0.950000 99.963506 0.000000 1.177073 0.000869 
60 9.491875 0.000000 21.300000 99.984770 0.000000 1.745241 0.000609 
61 -12.511250 0.000000 21.300000 99.984770 0.000000 1.745241 0.000609 
62 9.491875 0.000000 41.650000 99.984770 0.000000 1.745241 0.000609 
1 7 12 10 11 
2 12 2 13 10 
3 10 13 8 14 
4 1 17 15 16 
5 17 7 11 15 
6 16 15 18 6 
7 14 8 21 19 
8 19 21 3 22 
9 20 19 22 9 
10 11 25 23 24 
11 25 10 26 23 
12 23 26 14 27 
13 6 18 28 29 
14 28 20 9 30 
15 29 28 30 4 
16 15 33 31 32 
17 33 11 24 31 
18 32 31 34 18 
19 27 14 37 35 
20 35 37 19 38 
21 36 35 38 20 
22 24 41 39 40 
23 41 23 42 39 
24 39 42 27 43 
25 18 34 44 45 
26 44 36 20 46 
27 45 44 46 28 
28 31 49 47 48 
29 49 24 40 47 
30 47 40 5 50 
31 48 47 50 34 
32 5 43 51 52 
33 43 27 53 51 
34 51 53 35 54 
35 52 51 54 36 
36 40 57 55 56 
37 57 39 58 55 
38 55 58 43 59 
39 56 55 59 5 
40 34 50 60 61 
41 50 5 52 60 
42 60 52 36 62 
43 61 60 62 44 
