2 0.000000 100.000000 211.018442
742 613 
1 -234.650000 0.000000 -237.029800 99.984459 -0.000028 1.745244 0.000006 
2 281.580000 0.000000 -237.029800 99.984506 -0.000412 1.743421 0.000006 
3 281.580000 0.000000 240.470000 99.984847 0.000418 1.743132 -0.000001 
4 -234.650000 0.000000 240.470000 99.984848 0.000021 1.745381 -0.000002 
5 23.465000 0.000000 1.720100 101.602433 -0.092750 -1.258534 -0.032465 
6 -234.650000 0.000000 1.720100 99.984503 -0.000005 1.745392 0.000005 
7 23.465000 0.000000 -237.029800 99.984108 -0.000198 1.744145 0.000014 
8 281.580000 0.000000 1.720100 99.979031 0.075048 2.059660 -0.000005 
9 23.465000 0.000000 240.470000 99.987060 0.000184 1.744217 -0.000045 
10 -105.592500 0.000000 -117.654850 99.982958 -0.000057 1.744995 0.000036 
11 -234.650000 0.000000 -117.654850 99.984422 -0.000019 1.745310 0.000007 
12 -105.592500 0.000000 -237.029800 99.983947 -0.000069 1.744950 0.000017 
13 23.465000 0.000000 -117.654850 99.985875 -0.000370 1.740028 -0.000020 
14 -105.592500 0.000000 1.720100 99.982675 -0.000018 1.745876 0.000042 
15 152.522500 0.000000 -117.654850 99.983163 -0.000817 1.738378 0.000035 
16 152.522500 0.000000 -237.029800 99.984098 -0.000355 1.743665 0.000014 
17 281.580000 0.000000 -117.654850 99.984540 -0.000874 1.738214 0.000007 
18 152.522500 0.000000 1.720100 99.941344 0.297870 4.086879 -0.000506 
19 -105.592500 0.000000 121.095050 99.984744 0.000030 1.746063 0.000000 
20 -234.650000 0.000000 121.095050 99.984690 0.000010 1.745420 0.000002 
21 23.465000 0.000000 121.095050 99.995651 0.000260 1.741226 -0.000216 
22 -105.592500 0.000000 240.470000 99.985358 0.000055 1.745525 -0.000012 
23 -41.063750 0.000000 -57.967375 99.977366 -0.003093 1.731911 0.000153 
24 -105.592500 0.000000 -57.967375 99.982443 -0.000041 1.745356 0.000046 
25 -41.063750 0.000000 -117.654850 99.980588 -0.000133 1.742756 0.000084 
26 23.465000 0.000000 -57.967375 99.868331 0.042771 1.718615 0.002336 
27 -41.063750 0.000000 1.720100 99.960428 0.006222 1.764849 0.000480 
28 152.522500 0.000000 121.095050 99.984583 0.000813 1.736558 0.000007 
29 281.580000 0.000000 121.095050 99.984784 0.000865 1.737015 0.000003 
30 152.522500 0.000000 240.470000 99.985303 0.000362 1.742968 -0.000010 
31 87.993750 0.000000 -57.967375 99.961177 -0.005749 1.711122 0.000484 
32 87.993750 0.000000 -117.654850 99.981987 -0.000662 1.740468 0.000057 
33 152.522500 0.000000 -57.967375 99.982708 -0.001757 1.718398 0.000051 
34 87.993750 0.000000 1.720100 99.856730 0.508109 6.918631 -0.001949 
35 -41.063750 0.000000 61.407575 100.007854 0.009276 1.772642 -0.000471 
36 -105.592500 0.000000 61.407575 99.983741 0.000008 1.746220 0.000020 
37 23.465000 0.000000 61.407575 100.043180 -0.033554 1.730886 -0.001163 
38 -41.063750 0.000000 121.095050 99.987071 0.000072 1.747200 -0.000047 
39 -8.799375 0.000000 -28.123637 99.866654 0.004533 1.698635 0.002377 
40 -41.063750 0.000000 -28.123637 99.962375 0.004325 1.741157 0.000449 
41 -8.799375 0.000000 -57.967375 99.964155 0.017616 1.717040 0.000422 
42 23.465000 0.000000 -28.123637 99.678468 0.103698 1.649360 0.006147 
43 -8.799375 0.000000 1.720100 99.680355 -0.004036 1.757784 0.006074 
44 87.993750 0.000000 61.407575 99.988574 0.004163 1.693399 -0.000058 
45 152.522500 0.000000 61.407575 99.983782 0.001627 1.713498 0.000031 
46 87.993750 0.000000 121.095050 99.986758 0.000685 1.735025 -0.000036 
47 55.729375 0.000000 -28.123637 99.909583 -0.005396 1.743420 0.001504 
48 55.729375 0.000000 -57.967375 99.986790 0.010815 1.748515 -0.000042 
49 87.993750 0.000000 -28.123637 99.955454 0.005655 1.652428 0.000618 
50 55.729375 0.000000 1.720100 98.986059 0.238154 9.296536 0.011528 
51 -8.799375 0.000000 31.563838 99.977100 -0.013137 1.824375 0.000125 
52 -41.063750 0.000000 31.563838 99.969100 -0.001836 1.751519 0.000311 
53 23.465000 0.000000 31.563838 100.170667 -0.105633 1.680623 -0.003700 
54 -8.799375 0.000000 61.407575 99.991591 -0.015095 1.763145 -0.000143 
55 7.332812 0.000000 -13.201769 99.898466 0.120008 1.233084 0.001876 
56 -8.799375 0.000000 -13.201769 99.759147 0.038997 1.720429 0.004515 
57 7.332812 0.000000 -28.123637 99.952995 0.116842 1.582626 0.000688 
58 23.465000 0.000000 -13.201769 99.447823 0.273298 1.314028 0.010833 
59 7.332812 0.000000 1.720100 129.045889 0.053229 12.460070 -0.680810 
60 -170.121250 0.000000 -57.967375 99.984021 -0.000021 1.745400 0.000015 
61 -234.650000 0.000000 -57.967375 99.984444 -0.000012 1.745353 0.000006 
62 -170.121250 0.000000 -117.654850 99.984037 -0.000030 1.745285 0.000015 
63 -170.121250 0.000000 1.720100 99.984142 -0.000009 1.745520 0.000012 
64 -73.328125 0.000000 -28.123637 99.974257 -0.001120 1.760085 0.000205 
65 -105.592500 0.000000 -28.123637 99.982428 -0.000030 1.745642 0.000047 
66 -73.328125 0.000000 -57.967375 99.979889 -0.000063 1.744839 0.000098 
67 -73.328125 0.000000 1.720100 99.979767 0.000590 1.761954 0.000094 
68 -24.931563 0.000000 -13.201769 99.916780 0.002734 1.747846 0.001358 
69 -41.063750 0.000000 -13.201769 99.954689 0.011157 1.760631 0.000596 
70 -24.931563 0.000000 -28.123637 99.906976 -0.006221 1.776548 0.001544 
71 -24.931563 0.000000 1.720100 99.917453 0.000368 1.762375 0.001340 
72 55.729375 0.000000 31.563838 99.974792 -0.005474 1.518281 0.000274 
73 87.993750 0.000000 31.563838 99.972088 0.003821 1.614181 0.000298 
74 55.729375 0.000000 61.407575 99.991010 -0.011472 1.692915 -0.000107 
75 7.332812 0.000000 16.641969 100.015811 -0.124311 2.059861 -0.000742 
76 -8.799375 0.000000 16.641969 99.863649 0.014261 1.871014 0.002375 
77 23.465000 0.000000 16.641969 100.845079 -0.352826 1.693937 -0.017272 
78 7.332812 0.000000 31.563838 100.069517 -0.115351 1.833335 -0.001728 
79 -0.733281 0.000000 -5.740834 98.974058 -0.005272 1.290011 0.020247 
80 -8.799375 0.000000 -5.740834 99.701146 0.011708 1.704517 0.005678 
81 -0.733281 0.000000 -13.201769 99.586173 -0.022797 1.524480 0.008027 
82 7.332812 0.000000 -5.740834 99.922723 0.046790 0.315830 0.001535 
83 -0.733281 0.000000 1.720100 97.666678 0.008465 2.261124 0.045611 
84 39.597187 0.000000 -13.201769 99.447850 -0.135366 1.961539 0.010626 
85 39.597187 0.000000 -28.123637 100.000554 0.079014 1.675118 -0.000292 
86 55.729375 0.000000 -13.201769 99.392168 0.011225 1.478242 0.011901 
87 39.597187 0.000000 1.720100 107.420761 0.459379 2.058867 -0.154367 
88 15.398906 0.000000 -5.740834 100.227964 0.544755 0.733612 -0.004648 
89 15.398906 0.000000 -13.201769 99.959833 0.412623 1.217377 0.000638 
90 23.465000 0.000000 -5.740834 99.383729 0.563366 0.643746 0.012214 
91 15.398906 0.000000 1.720100 116.078981 0.002478 4.389937 -0.349360 
92 -170.121250 0.000000 61.407575 99.984383 0.000004 1.745591 0.000008 
93 -234.650000 0.000000 61.407575 99.984591 0.000002 1.745416 0.000004 
94 -170.121250 0.000000 121.095050 99.984649 0.000016 1.745587 0.000002 
95 -73.328125 0.000000 31.563838 99.986243 0.002223 1.761583 -0.000035 
96 -105.592500 0.000000 31.563838 99.983153 -0.000005 1.746138 0.000032 
97 -73.328125 0.000000 61.407575 99.982962 0.000014 1.747216 0.000035 
98 -24.931563 0.000000 16.641969 99.938166 -0.001969 1.771704 0.000922 
99 -41.063750 0.000000 16.641969 99.969228 0.000667 1.766570 0.000303 
100 -24.931563 0.000000 31.563838 100.037462 -0.076548 1.848553 -0.001092 
101 -0.733281 0.000000 9.181034 99.446047 -0.056795 2.059816 0.010624 
102 -8.799375 0.000000 9.181034 99.756732 -0.013630 1.839731 0.004521 
103 7.332812 0.000000 9.181034 99.927689 -0.055057 2.413280 0.000863 
104 -0.733281 0.000000 16.641969 99.766641 -0.050629 1.950254 0.004281 
105 3.299766 0.000000 -2.010367 143.171349 -0.028342 -20.388443 -1.091372 
106 -0.733281 0.000000 -2.010367 97.752376 0.020882 1.241692 0.044293 
107 3.299766 0.000000 -5.740834 99.285210 0.029936 0.429195 0.014226 
108 7.332812 0.000000 -2.010367 128.349769 0.024709 -10.956804 -0.659372 
109 3.299766 0.000000 1.720100 144.734368 0.057223 20.637520 -1.137395 
110 -16.865469 0.000000 -5.740834 99.874605 -0.006896 1.749175 0.002200 
111 -24.931563 0.000000 -5.740834 99.914184 0.001631 1.754982 0.001408 
112 -16.865469 0.000000 -13.201769 99.771055 -0.156399 1.903888 0.004209 
113 -16.865469 0.000000 1.720100 99.873928 -0.002449 1.768948 0.002207 
114 -4.766328 0.000000 -2.010367 99.367725 0.006231 1.714811 0.012311 
115 -8.799375 0.000000 -2.010367 99.679352 0.003974 1.729142 0.006104 
116 -4.766328 0.000000 -5.740834 99.457410 0.008440 1.668776 0.010544 
117 -4.766328 0.000000 1.720100 99.371311 -0.001006 1.809872 0.012207 
118 39.597187 0.000000 16.641969 100.410870 -0.429944 1.314960 -0.008426 
119 55.729375 0.000000 16.641969 100.055313 0.414842 1.048164 -0.001234 
120 39.597187 0.000000 31.563838 100.230221 0.007214 1.445764 -0.004819 
121 15.398906 0.000000 9.181034 100.371491 -0.506388 2.226803 -0.007965 
122 23.465000 0.000000 9.181034 102.016810 -0.653565 1.661611 -0.041062 
123 15.398906 0.000000 16.641969 100.356341 -0.014056 2.034296 -0.007553 
124 3.299766 0.000000 5.450567 99.407241 -0.044222 3.058349 0.010885 
125 -0.733281 0.000000 5.450567 98.962061 -0.037144 2.180995 0.020175 
126 7.332812 0.000000 5.450567 100.143619 -0.053454 3.053677 -0.003807 
127 3.299766 0.000000 9.181034 99.636062 -0.016243 2.401357 0.006689 
128 1.283242 0.000000 -0.145134 148.805894 0.006039 -0.086994 -1.214320 
129 -0.733281 0.000000 -0.145134 147.986735 0.005495 1.381613 -1.190198 
130 1.283242 0.000000 -2.010367 150.451414 -0.032137 -28.897089 -1.347067 
131 3.299766 0.000000 -0.145134 145.155485 0.011016 0.581093 -1.107045 
132 1.283242 0.000000 1.720100 150.251151 0.056882 32.569095 -1.363616 
133 11.365859 0.000000 -2.010367 122.623222 0.102398 -6.928263 -0.508447 
134 11.365859 0.000000 -5.740834 100.059975 0.239212 0.380302 -0.001220 
135 15.398906 0.000000 -2.010367 116.397358 0.010649 -3.579100 -0.356115 
136 11.365859 0.000000 1.720100 123.078952 0.033921 8.302830 -0.521737 
137 5.316289 0.000000 -0.145134 133.631596 0.016318 0.944306 -0.785830 
138 5.316289 0.000000 -2.010367 133.073507 -0.010928 -13.940663 -0.790290 
139 7.332812 0.000000 -0.145134 128.712070 0.025106 -0.068182 -0.656680 
140 5.316289 0.000000 1.720100 133.910742 0.056062 15.377004 -0.816854 
141 11.365859 0.000000 5.450567 100.275445 -0.057160 2.951083 -0.006388 
142 15.398906 0.000000 5.450567 100.514736 -0.028768 2.315724 -0.010858 
143 11.365859 0.000000 9.181034 100.166636 -0.211869 2.367446 -0.003900 
144 9.349336 0.000000 -0.145134 126.070135 0.036993 1.161134 -0.589503 
145 9.349336 0.000000 -2.010367 125.105615 0.071092 -8.712365 -0.572733 
146 11.365859 0.000000 -0.145134 123.118424 0.057079 1.327522 -0.515991 
147 9.349336 0.000000 1.720100 125.826359 0.050534 10.308196 -0.593853 
148 31.531094 0.000000 -5.740834 101.095472 -0.105929 2.675885 -0.022747 
149 31.531094 0.000000 -13.201769 99.730889 -0.247767 1.865225 0.005021 
150 39.597187 0.000000 -5.740834 98.950326 -0.177172 2.533838 0.020238 
151 31.531094 0.000000 1.720100 103.398693 -0.008052 -3.048410 -0.070058 
152 19.431953 0.000000 -2.010367 110.096890 -0.024771 -1.870545 -0.212482 
153 19.431953 0.000000 -5.740834 99.947061 1.607035 1.075241 0.000685 
154 23.465000 0.000000 -2.010367 109.296046 -0.085530 -4.552864 -0.196636 
155 19.431953 0.000000 1.720100 112.484277 -0.005064 0.304373 -0.265281 
156 13.382383 0.000000 -0.145134 120.080049 -0.017905 1.430383 -0.442126 
157 13.382383 0.000000 -2.010367 119.928636 -0.044945 -5.525209 -0.441341 
158 15.398906 0.000000 -0.145134 116.407863 0.010936 -3.766536 -0.356498 
159 13.382383 0.000000 1.720100 120.271746 -0.018423 6.502680 -0.450758 
160 31.531094 0.000000 9.181034 100.619225 -0.344630 0.245026 -0.012441 
161 39.597187 0.000000 9.181034 99.601736 0.078021 0.724841 0.007896 
162 31.531094 0.000000 16.641969 100.580607 -0.128763 1.187479 -0.011789 
163 19.431953 0.000000 5.450567 99.765748 -0.006074 2.897193 0.003840 
164 23.465000 0.000000 5.450567 104.083063 -0.032240 2.684014 -0.084049 
165 19.431953 0.000000 9.181034 100.632200 -1.775597 1.994563 -0.013397 
166 13.382383 0.000000 3.585334 120.298037 -0.023414 6.629337 -0.451557 
167 11.365859 0.000000 3.585334 123.533482 0.055771 9.044005 -0.534232 
168 15.398906 0.000000 3.585334 115.990888 0.003375 4.236269 -0.347183 
169 13.382383 0.000000 5.450567 100.372495 -0.359804 2.749007 -0.008232 
170 17.415430 0.000000 3.585334 100.475275 -0.004829 2.683393 -0.010248 
171 17.415430 0.000000 1.720100 104.737513 -0.003408 1.496778 -0.097219 
172 19.431953 0.000000 3.585334 97.231765 -0.007500 2.660963 0.053890 
173 17.415430 0.000000 5.450567 100.323451 -0.001988 2.192667 -0.006960 
174 -41.063750 0.000000 -177.342325 99.983030 -0.000129 1.743917 0.000035 
175 -105.592500 0.000000 -177.342325 99.983544 -0.000066 1.744914 0.000025 
176 -41.063750 0.000000 -237.029800 99.983809 -0.000118 1.744486 0.000019 
177 23.465000 0.000000 -177.342325 99.984118 -0.000255 1.743170 0.000014 
178 -8.799375 0.000000 -87.811112 99.941787 -0.026658 1.738439 0.000862 
179 -41.063750 0.000000 -87.811112 99.954391 -0.007338 1.755861 0.000604 
180 -8.799375 0.000000 -117.654850 99.981865 -0.000226 1.740032 0.000060 
181 23.465000 0.000000 -87.811112 99.936672 -0.021057 1.724338 0.000969 
182 7.332812 0.000000 -43.045506 99.948380 0.004376 1.700256 0.000743 
183 -8.799375 0.000000 -43.045506 99.967585 0.188841 1.712140 0.000351 
184 7.332812 0.000000 -57.967375 99.949015 0.006875 1.715798 0.000725 
185 23.465000 0.000000 -43.045506 100.095207 0.136446 1.697922 -0.002195 
186 15.398906 0.000000 -20.662703 99.910935 -0.012599 1.343278 0.001600 
187 7.332812 0.000000 -20.662703 99.677499 0.039924 1.532358 0.006205 
188 15.398906 0.000000 -28.123637 99.951682 0.049086 1.591721 0.000713 
189 23.465000 0.000000 -20.662703 100.174528 0.320190 1.449923 -0.003714 
190 19.431953 0.000000 -9.471302 99.884181 0.707486 1.387017 0.002073 
191 15.398906 0.000000 -9.471302 100.059003 0.540597 1.125332 -0.001336 
192 19.431953 0.000000 -13.201769 99.700617 0.500079 1.258685 0.005795 
193 23.465000 0.000000 -9.471302 99.815292 0.312211 1.043458 0.003572 
194 17.415430 0.000000 -3.875601 101.245075 -0.002043 -0.227982 -0.025062 
195 15.398906 0.000000 -3.875601 98.532491 -0.155871 -0.528551 0.029104 
196 17.415430 0.000000 -5.740834 100.403340 1.077873 0.882375 -0.008277 
197 19.431953 0.000000 -3.875601 100.043981 -0.008124 1.461499 -0.001093 
198 17.415430 0.000000 -2.010367 111.085155 -0.011814 -1.083226 -0.234109 
199 27.498047 0.000000 -2.010367 108.243357 -0.383293 -3.049519 -0.172607 
200 27.498047 0.000000 -5.740834 101.091082 -0.180243 0.703157 -0.021993 
201 31.531094 0.000000 -2.010367 107.753910 -0.175499 1.691337 -0.161380 
202 27.498047 0.000000 1.720100 105.128033 -0.300100 -0.171808 -0.105202 
203 21.448477 0.000000 -3.875601 99.815374 -0.014816 0.369463 0.003675 
204 21.448477 0.000000 -5.740834 99.489918 1.137513 0.943016 0.009957 
205 23.465000 0.000000 -3.875601 98.651523 -0.283330 0.883676 0.026702 
206 21.448477 0.000000 -2.010367 108.939608 -0.035059 -3.818289 -0.188242 
207 17.415430 0.000000 -0.145134 -78.176918 -0.000726 -1.685025 0.388553 
208 19.431953 0.000000 -0.145134 -75.399051 -0.000106 2.882090 0.430668 
209 18.423691 0.000000 -2.942984 109.859100 -0.020250 -0.738659 -0.206957 
210 17.415430 0.000000 -2.942984 111.557288 -0.008616 -1.243917 -0.244658 
211 18.423691 0.000000 -3.875601 100.403276 -0.006200 0.814084 -0.008148 
212 19.431953 0.000000 -2.942984 110.160678 -0.027739 -2.578594 -0.214202 
213 18.423691 0.000000 -2.010367 109.887874 -0.020661 -0.897030 -0.207615 
214 27.498047 0.000000 5.450567 102.833775 -0.404850 -2.171557 -0.057966 
215 31.531094 0.000000 5.450567 100.487898 -0.032105 -1.665069 -0.010059 
216 27.498047 0.000000 9.181034 101.681021 -0.153269 0.398110 -0.033921 
217 21.448477 0.000000 3.585334 102.494374 -0.009728 7.867081 -0.056699 
218 21.448477 0.000000 1.720100 94.427357 -0.014872 3.930275 0.106803 
219 23.465000 0.000000 3.585334 106.592885 -0.037056 3.098261 -0.137164 
220 21.448477 0.000000 5.450567 101.305197 -0.008821 3.744306 -0.027676 
221 18.423691 0.000000 2.652717 129.612024 -0.006541 0.806222 -0.679993 
222 17.415430 0.000000 2.652717 104.636984 -0.005689 1.397331 -0.095085 
223 18.423691 0.000000 1.720100 119.895436 -0.003423 1.013613 -0.437594 
224 19.431953 0.000000 2.652717 118.102495 -0.011083 0.362300 -0.394833 
225 18.423691 0.000000 3.585334 97.458497 -0.006421 2.120377 0.049735 
226 87.993750 0.000000 -177.342325 99.983633 -0.000407 1.743075 0.000023 
227 87.993750 0.000000 -237.029800 99.984063 -0.000288 1.743984 0.000015 
228 152.522500 0.000000 -177.342325 99.983749 -0.000505 1.742327 0.000021 
229 55.729375 0.000000 -87.811112 99.958818 -0.010840 1.728017 0.000525 
230 55.729375 0.000000 -117.654850 99.984499 -0.000521 1.741779 0.000007 
231 87.993750 0.000000 -87.811112 99.994675 0.008052 1.745447 -0.000198 
232 39.597187 0.000000 -43.045506 100.012890 -0.030190 1.719423 -0.000554 
233 39.597187 0.000000 -57.967375 99.975292 0.057869 1.730042 0.000194 
234 55.729375 0.000000 -43.045506 99.930931 0.008416 1.713370 0.001087 
235 31.531094 0.000000 -20.662703 100.169140 0.038914 1.645909 -0.003657 
236 31.531094 0.000000 -28.123637 99.765364 0.112517 1.623673 0.004422 
237 39.597187 0.000000 -20.662703 100.171101 0.069371 1.659205 -0.003701 
238 27.498047 0.000000 -9.471302 100.323752 0.142858 1.163041 -0.006623 
239 27.498047 0.000000 -13.201769 99.868633 0.194971 1.627677 0.002357 
240 31.531094 0.000000 -9.471302 100.331071 -0.251931 2.096989 -0.007078 
241 25.481523 0.000000 -3.875601 100.395475 0.155942 -1.106278 -0.008050 
242 25.481523 0.000000 -5.740834 99.925023 0.198897 0.261918 0.001488 
243 27.498047 0.000000 -3.875601 100.867394 -0.261560 1.090811 -0.017549 
244 25.481523 0.000000 -2.010367 109.763212 -0.344549 -4.314989 -0.206670 
245 21.448477 0.000000 -0.145134 -80.942619 -0.005622 3.525832 0.343586 
246 23.465000 0.000000 -0.145134 -74.872677 -0.004158 2.430012 0.438818 
247 22.456738 0.000000 -2.942984 108.631651 -0.033762 -4.286401 -0.181921 
248 21.448477 0.000000 -2.942984 108.917305 -0.035983 -4.071777 -0.187956 
249 22.456738 0.000000 -3.875601 98.424596 -0.427130 0.414353 0.031224 
250 23.465000 0.000000 -2.942984 109.507129 -0.100658 -4.668079 -0.201361 
251 22.456738 0.000000 -2.010367 108.660934 -0.037331 -4.292229 -0.182562 
252 25.481523 0.000000 3.585334 109.294774 0.011071 -0.205672 -0.194539 
253 25.481523 0.000000 1.720100 107.584806 -0.218291 -7.763739 -0.163481 
254 27.498047 0.000000 3.585334 104.556298 -0.304900 2.280983 -0.093732 
255 25.481523 0.000000 5.450567 104.900528 0.082673 -0.188086 -0.100416 
256 22.456738 0.000000 2.652717 103.896835 -0.036356 4.872434 -0.081829 
257 21.448477 0.000000 2.652717 97.940678 -0.032895 4.601937 0.038644 
258 22.456738 0.000000 1.720100 108.759949 -0.016029 10.129957 -0.193134 
259 23.465000 0.000000 2.652717 113.495576 -0.086381 4.158900 -0.289855 
260 22.456738 0.000000 3.585334 101.244181 -0.011434 6.347502 -0.029068 
261 217.051250 0.000000 -57.967375 99.984424 -0.001775 1.719122 0.000016 
262 217.051250 0.000000 -117.654850 99.984161 -0.000862 1.738135 0.000015 
263 281.580000 0.000000 -57.967375 99.984866 -0.001758 1.720010 0.000007 
264 217.051250 0.000000 1.720100 99.967206 0.144434 2.712929 -0.000082 
265 120.258125 0.000000 -28.123637 99.978528 -0.003654 1.655448 0.000155 
266 120.258125 0.000000 -57.967375 99.979803 0.012099 1.719567 0.000108 
267 152.522500 0.000000 -28.123637 99.983596 -0.003426 1.656770 0.000054 
268 120.258125 0.000000 1.720100 99.914815 0.417442 5.280663 -0.001103 
269 71.861562 0.000000 -13.201769 99.874225 -0.004949 1.524136 0.002282 
270 71.861562 0.000000 -28.123637 99.921001 0.001913 1.667344 0.001301 
271 87.993750 0.000000 -13.201769 99.948322 0.002637 1.503098 0.000807 
272 71.861562 0.000000 1.720100 99.753438 0.462856 7.878473 -0.001303 
273 47.663281 0.000000 -5.740834 99.696443 -0.068659 3.284826 0.004982 
274 47.663281 0.000000 -13.201769 99.216311 -0.181156 1.957719 0.015226 
275 55.729375 0.000000 -5.740834 99.327633 0.141065 1.571996 0.013153 
276 47.663281 0.000000 1.720100 72.666746 -0.799930 -3.772434 0.470467 
277 35.564141 0.000000 -2.010367 112.609677 -0.074324 3.071140 -0.269038 
278 35.564141 0.000000 -5.740834 99.980038 -0.173206 2.572779 -0.000266 
279 39.597187 0.000000 -2.010367 115.858454 0.295561 3.692969 -0.343691 
280 35.564141 0.000000 1.720100 106.687492 0.327670 -1.481040 -0.138452 
281 29.514570 0.000000 -3.875601 105.206437 -0.375501 1.354423 -0.107037 
282 29.514570 0.000000 -5.740834 101.812424 -0.311098 1.816376 -0.036917 
283 31.531094 0.000000 -3.875601 109.115697 -0.171963 2.240812 -0.191129 
284 29.514570 0.000000 -2.010367 105.764681 -0.347700 -0.174513 -0.118632 
285 25.481523 0.000000 -0.145134 -74.506580 0.069414 5.289396 0.442079 
286 27.498047 0.000000 -0.145134 -86.772577 0.042240 3.679955 0.245698 
287 26.489785 0.000000 -2.942984 109.118811 -0.505881 -3.916927 -0.192251 
288 25.481523 0.000000 -2.942984 109.838970 -0.340217 -4.356983 -0.208370 
289 26.489785 0.000000 -3.875601 99.302786 -0.176769 -0.700015 0.013844 
290 27.498047 0.000000 -2.942984 108.129047 -0.380981 -2.891973 -0.170040 
291 26.489785 0.000000 -2.010367 109.002641 -0.484665 -3.845150 -0.189660 
292 217.051250 0.000000 61.407575 99.984813 0.001656 1.713049 0.000010 
293 281.580000 0.000000 61.407575 99.985121 0.001685 1.712005 0.000004 
294 217.051250 0.000000 121.095050 99.984677 0.000848 1.736985 0.000005 
295 120.258125 0.000000 31.563838 99.979815 0.002636 1.636892 0.000136 
296 152.522500 0.000000 31.563838 99.984503 0.002912 1.634319 0.000043 
297 120.258125 0.000000 61.407575 99.981488 0.018023 1.713096 0.000077 
298 71.861562 0.000000 16.641969 99.901886 -0.005158 1.463385 0.001747 
299 87.993750 0.000000 16.641969 99.961052 0.011733 1.472920 0.000562 
300 71.861562 0.000000 31.563838 99.971331 0.064014 1.589860 0.000320 
301 47.663281 0.000000 9.181034 98.900177 0.124349 0.577173 0.021841 
302 55.729375 0.000000 9.181034 99.698422 0.210005 0.950388 0.005928 
303 47.663281 0.000000 16.641969 100.311714 0.093296 1.152060 -0.006378 
304 35.564141 0.000000 5.450567 100.570122 -0.064672 -0.323648 -0.011446 
305 39.597187 0.000000 5.450567 98.344118 -0.170583 0.214759 0.032836 
306 35.564141 0.000000 9.181034 100.228967 0.037962 0.605697 -0.004621 
307 29.514570 0.000000 3.585334 103.167088 -0.183467 -0.078844 -0.064349 
308 29.514570 0.000000 1.720100 101.216587 -0.184351 -1.832932 -0.024819 
309 31.531094 0.000000 3.585334 104.897172 0.000665 -2.056430 -0.100765 
310 29.514570 0.000000 5.450567 100.997919 -0.425096 -1.637420 -0.020344 
311 26.489785 0.000000 2.652717 112.975146 -0.290562 -0.809358 -0.276412 
312 25.481523 0.000000 2.652717 117.063282 -0.196347 1.945849 -0.370764 
313 26.489785 0.000000 1.720100 113.503292 -0.284194 -2.324316 -0.288848 
314 27.498047 0.000000 2.652717 105.097724 -0.301243 0.205036 -0.104566 
315 26.489785 0.000000 3.585334 114.934814 -0.310101 3.697624 -0.322378 
316 35.564141 0.000000 -9.471302 99.753966 -0.112232 2.166959 0.004444 
317 35.564141 0.000000 -13.201769 99.444083 -0.376610 1.988070 0.010678 
318 39.597187 0.000000 -9.471302 99.165273 -0.225640 2.094614 0.016181 
319 33.547617 0.000000 -3.875601 110.517844 -0.134587 2.667090 -0.222133 
320 33.547617 0.000000 -5.740834 100.493449 -0.160619 2.934595 -0.010757 
321 35.564141 0.000000 -3.875601 112.376510 -0.090587 3.083377 -0.263800 
322 33.547617 0.000000 -2.010367 110.401073 -0.125478 2.539850 -0.219486 
323 29.514570 0.000000 -0.145134 -83.794487 -0.155470 4.052817 0.296203 
324 31.531094 0.000000 -0.145134 -73.843971 0.013095 2.212455 0.454217 
325 30.522832 0.000000 -2.942984 106.341755 -0.195801 1.258636 -0.131019 
326 29.514570 0.000000 -2.942984 105.809858 -0.342978 -0.195466 -0.119588 
327 30.522832 0.000000 -3.875601 105.592944 -0.208275 1.031744 -0.115098 
328 31.531094 0.000000 -2.942984 107.719010 -0.175226 1.696101 -0.160629 
329 30.522832 0.000000 -2.010367 106.163348 -0.192100 1.149922 -0.127202 
330 33.547617 0.000000 3.585334 107.408017 0.114073 -2.439181 -0.154244 
331 33.547617 0.000000 1.720100 104.173062 0.075656 -2.931806 -0.086063 
332 35.564141 0.000000 3.585334 109.350950 0.395767 -2.436872 -0.196373 
333 33.547617 0.000000 5.450567 100.327370 -0.079487 -0.711706 -0.006609 
334 30.522832 0.000000 2.652717 105.208842 -0.028357 -5.690761 -0.110129 
335 29.514570 0.000000 2.652717 101.917815 -0.186202 -1.155637 -0.038861 
336 30.522832 0.000000 1.720100 105.375218 -0.025834 -7.465652 -0.115967 
337 31.531094 0.000000 2.652717 104.413485 -0.015216 -2.350050 -0.090770 
338 30.522832 0.000000 3.585334 104.808060 -0.035295 -1.619037 -0.098735 
339 43.630234 0.000000 -2.010367 112.971365 0.869205 3.441744 -0.277513 
340 43.630234 0.000000 -5.740834 98.972905 0.061312 2.309379 0.019903 
341 47.663281 0.000000 -2.010367 86.137517 -0.852535 20.007464 0.217930 
342 43.630234 0.000000 1.720100 110.830569 0.793314 2.670882 -0.229118 
343 37.580664 0.000000 -3.875601 114.265413 -0.031576 3.380729 -0.306802 
344 37.580664 0.000000 -5.740834 99.505619 -0.119854 2.178337 0.009387 
345 39.597187 0.000000 -3.875601 115.878577 0.317254 3.694716 -0.344160 
346 37.580664 0.000000 -2.010367 114.660219 0.048990 3.364568 -0.315829 
347 43.630234 0.000000 5.450567 99.494734 0.177827 0.619207 0.010038 
348 47.663281 0.000000 5.450567 98.333636 0.012235 0.164865 0.033047 
349 43.630234 0.000000 9.181034 99.261661 -0.099054 0.659756 0.014668 
350 37.580664 0.000000 3.585334 106.294844 0.684487 -1.163237 -0.130042 
351 37.580664 0.000000 1.720100 107.291433 0.505466 -0.078811 -0.151171 
352 39.597187 0.000000 3.585334 102.894048 0.600629 0.703316 -0.058804 
353 37.580664 0.000000 5.450567 98.854042 -0.135797 -0.261370 0.022779 
354 47.663281 0.000000 -20.662703 99.482255 0.304475 1.757606 0.010010 
355 47.663281 0.000000 -28.123637 100.015475 0.050466 1.745227 -0.000614 
356 55.729375 0.000000 -20.662703 99.852140 0.045910 1.797951 0.002632 
357 43.630234 0.000000 -9.471302 100.312575 -0.084451 1.490575 -0.006484 
358 43.630234 0.000000 -13.201769 99.322378 -0.252911 1.881913 0.013146 
359 47.663281 0.000000 -9.471302 99.284770 0.137855 2.109704 0.013806 
360 41.613711 0.000000 -3.875601 114.380385 0.521873 3.681525 -0.309670 
361 41.613711 0.000000 -5.740834 98.473268 0.095837 2.745172 0.029547 
362 43.630234 0.000000 -3.875601 99.303147 0.541085 3.233331 0.012814 
363 41.613711 0.000000 -2.010367 114.605517 0.433858 3.619058 -0.314771 
364 41.613711 0.000000 3.585334 111.741681 0.509906 1.275454 -0.248809 
365 41.613711 0.000000 1.720100 109.826669 0.451658 2.125797 -0.206662 
366 43.630234 0.000000 3.585334 111.413605 1.064436 -2.665558 -0.242123 
367 41.613711 0.000000 5.450567 99.142960 -0.107772 0.583089 0.017032 
368 63.795469 0.000000 -5.740834 99.717028 0.378128 1.386320 0.005445 
369 63.795469 0.000000 -13.201769 99.777337 0.007197 1.561383 0.004204 
370 71.861562 0.000000 -5.740834 99.870217 0.009179 1.491502 0.002372 
371 63.795469 0.000000 1.720100 99.664121 0.777300 8.170166 -0.000029 
372 51.696328 0.000000 -2.010367 97.865491 -0.298581 2.244164 0.041722 
373 51.696328 0.000000 -5.740834 97.916778 -0.036844 1.292285 0.041063 
374 55.729375 0.000000 -2.010367 99.191192 0.137480 2.065899 0.015682 
375 51.696328 0.000000 1.720100 97.494070 0.075480 10.702792 0.038035 
376 45.646758 0.000000 -0.145134 7.738089 1.402993 -1.125343 0.993689 
377 43.630234 0.000000 -0.145134 10.621207 -0.343045 1.093817 0.988588 
378 45.646758 0.000000 -2.010367 108.575686 1.922833 3.356275 -0.180364 
379 47.663281 0.000000 -0.145134 28.812858 -8.256693 13.461156 0.892044 
380 45.646758 0.000000 1.720100 104.892953 1.966257 0.160914 -0.100642 
381 63.795469 0.000000 9.181034 99.837163 0.355379 1.367055 0.003055 
382 71.861562 0.000000 9.181034 99.872923 0.002017 1.588485 0.002288 
383 63.795469 0.000000 16.641969 99.813150 0.013289 1.405057 0.003536 
384 51.696328 0.000000 5.450567 98.322622 -0.048632 1.981734 0.032873 
385 55.729375 0.000000 5.450567 99.077580 0.126607 2.528432 0.017722 
386 51.696328 0.000000 9.181034 99.179120 0.130014 0.837721 0.016278 
387 45.646758 0.000000 3.585334 98.610405 0.484567 2.280067 0.027055 
388 47.663281 0.000000 3.585334 96.495894 -0.236445 0.169487 0.068846 
389 45.646758 0.000000 5.450567 99.238473 0.197723 0.617607 0.015130 
390 45.646758 0.000000 -3.875601 101.636468 0.476039 2.142246 -0.033479 
391 45.646758 0.000000 -5.740834 100.341197 0.249597 2.159393 -0.007308 
392 47.663281 0.000000 -3.875601 99.730098 -0.088382 6.340249 0.001370 
393 49.679805 0.000000 -0.145134 93.380322 -0.656625 4.223805 0.126184 
394 49.679805 0.000000 -2.010367 94.817583 -0.426970 3.559426 0.099677 
395 51.696328 0.000000 -0.145134 97.693911 -0.161259 3.675751 0.044236 
396 49.679805 0.000000 1.720100 93.825723 0.113228 10.752835 0.108110 
397 46.655020 0.000000 -1.077750 0.000000 6.613044 59.037692 0.647082 
398 45.646758 0.000000 -1.077750 108.382586 1.788945 3.182550 -0.176011 
399 46.655020 0.000000 -2.010367 99.500452 1.679104 7.331040 0.004310 
400 47.663281 0.000000 -1.077750 56.842990 -3.140646 23.281539 0.621698 
401 46.655020 0.000000 -0.145134 -189.939456 -6.139150 -40.683523 -2.776984 
402 49.679805 0.000000 3.585334 95.902027 -0.281176 4.494285 0.078252 
403 51.696328 0.000000 3.585334 97.759135 -0.333428 5.544727 0.041230 
404 49.679805 0.000000 5.450567 97.716304 -0.048022 1.346971 0.044971 
405 46.655020 0.000000 2.652717 103.680337 2.333629 -1.917622 -0.075874 
406 45.646758 0.000000 2.652717 105.312543 2.004564 -0.774705 -0.109535 
407 46.655020 0.000000 1.720100 67.355511 2.399008 -9.443569 0.536830 
408 47.663281 0.000000 2.652717 91.768359 -0.505515 0.769088 0.157772 
409 46.655020 0.000000 3.585334 100.790462 0.226025 1.225601 -0.016027 
410 51.696328 0.000000 -9.471302 98.567817 0.115916 1.668061 0.028159 
411 51.696328 0.000000 -13.201769 99.125567 -0.071984 1.655789 0.017138 
412 55.729375 0.000000 -9.471302 99.198047 0.038175 1.358722 0.015790 
413 49.679805 0.000000 -3.875601 96.923476 -0.380067 2.946292 0.059701 
414 49.679805 0.000000 -5.740834 98.504683 -0.163635 2.622381 0.028992 
415 51.696328 0.000000 -3.875601 98.360388 -0.244580 2.104051 0.032075 
416 46.655020 0.000000 -2.942984 109.441046 0.624907 6.047742 -0.201431 
417 45.646758 0.000000 -2.942984 108.853921 1.915005 3.427825 -0.186459 
418 46.655020 0.000000 -3.875601 104.195179 0.256546 4.230869 -0.087460 
419 47.663281 0.000000 -2.942984 96.215578 -0.245865 10.614928 0.062983 
420 48.671543 0.000000 -1.077750 86.442680 -1.253089 6.724724 0.248087 
421 48.671543 0.000000 -2.010367 91.333014 -0.869410 6.863809 0.161041 
422 49.679805 0.000000 -1.077750 93.837434 -0.510494 3.261076 0.118364 
423 48.671543 0.000000 -0.145134 83.285596 -1.501799 5.387597 0.303223 
424 47.159150 0.000000 -1.544059 0.000000 4.176762 57.181692 0.671281 
425 46.655020 0.000000 -1.544059 58.412008 2.839807 28.677699 0.575756 
426 47.159150 0.000000 -2.010367 40.696812 2.406416 30.874175 0.738476 
427 47.663281 0.000000 -1.544059 72.337360 -1.586345 23.048371 0.423356 
428 47.159150 0.000000 -1.077750 0.000000 6.243799 58.827126 0.650038 
429 41.613711 0.000000 -0.145134 112.688576 0.286335 4.428878 -0.271841 
430 39.597187 0.000000 -0.145134 113.735505 0.233839 4.271266 -0.295406 
431 44.638496 0.000000 -1.077750 112.025570 0.960700 3.140672 -0.256052 
432 43.630234 0.000000 -1.077750 113.020293 0.722266 3.275004 -0.278483 
433 44.638496 0.000000 -2.010367 110.868563 1.392872 3.381945 -0.230522 
434 44.638496 0.000000 -0.145134 14.447918 0.165065 -0.757861 0.979066 
435 46.150889 0.000000 -1.544059 108.907708 1.793587 3.116369 -0.187382 
436 45.646758 0.000000 -1.544059 109.033803 1.717318 3.273193 -0.190203 
437 46.150889 0.000000 -2.010367 110.138591 1.739197 3.085844 -0.214306 
438 46.150889 0.000000 -1.077750 108.050895 1.831787 3.137532 -0.168820 
439 48.671543 0.000000 -2.942984 94.700128 -0.425461 5.884138 0.099708 
440 48.671543 0.000000 -3.875601 97.076550 -0.244651 4.584882 0.055506 
441 49.679805 0.000000 -2.942984 96.151590 -0.283787 3.361967 0.074349 
442 47.159150 0.000000 -2.476676 111.894766 0.184413 20.027789 -0.292159 
443 46.655020 0.000000 -2.476676 110.151817 1.810974 3.163006 -0.214671 
444 47.159150 0.000000 -2.942984 104.518778 0.155468 11.439437 -0.105506 
445 47.663281 0.000000 -2.476676 94.825351 -0.522583 15.288192 0.077415 
446 46.907085 0.000000 -1.777213 28.499768 2.912665 40.066686 0.757394 
447 46.655020 0.000000 -1.777213 76.195108 2.007397 16.945945 0.390311 
448 46.907085 0.000000 -2.010367 60.870297 2.178618 22.864417 0.576728 
449 47.159150 0.000000 -1.777213 37.481826 2.458240 32.296953 0.754598 
450 46.907085 0.000000 -1.544059 16.973190 3.556140 47.660366 0.742775 
451 44.638496 0.000000 -2.942984 112.529816 1.022757 3.429988 -0.267577 
452 43.630234 0.000000 -2.942984 113.121324 0.864637 3.513595 -0.280953 
453 44.638496 0.000000 -3.875601 100.008026 0.437823 1.221583 -0.000329 
454 46.150889 0.000000 -2.476676 108.114703 1.973364 3.294270 -0.170354 
455 45.646758 0.000000 -2.476676 109.031793 1.809896 3.371259 -0.190257 
456 46.150889 0.000000 -2.942984 108.143756 2.057005 3.380369 -0.171073 
457 46.907085 0.000000 -2.243521 112.354993 1.515380 2.899715 -0.263435 
458 46.655020 0.000000 -2.243521 111.577821 1.611730 2.985075 -0.246112 
459 46.907085 0.000000 -2.476676 122.700611 0.619668 12.167973 -0.520388 
460 47.159150 0.000000 -2.243521 113.102827 0.263873 29.589177 -0.366784 
461 48.167412 0.000000 -1.544059 82.788950 -1.452242 11.655836 0.300802 
462 48.167412 0.000000 -2.010367 88.254586 -1.053944 10.998851 0.208904 
463 48.671543 0.000000 -1.544059 88.891344 -1.040667 6.986710 0.204843 
464 48.167412 0.000000 -1.077750 76.858317 -2.017018 11.258082 0.396199 
465 47.411216 0.000000 -1.777213 76.457576 -0.584399 32.616057 0.309009 
466 47.411216 0.000000 -2.010367 88.072976 -0.393696 28.683895 0.142023 
467 47.663281 0.000000 -1.777213 79.677822 -1.150306 21.872675 0.317171 
468 47.411216 0.000000 -1.544059 63.519023 -0.946035 34.507642 0.477366 
469 47.033118 0.000000 -1.893790 40.947517 2.488633 32.383348 0.726843 
470 46.907085 0.000000 -1.893790 24.810951 2.555954 35.754955 0.809947 
471 47.033118 0.000000 -2.010367 53.394328 2.229193 25.893385 0.647361 
472 47.159150 0.000000 -1.893790 38.826826 2.435139 31.676999 0.748312 
473 47.033118 0.000000 -1.777213 28.015037 2.888855 39.843046 0.761934 
474 46.655020 0.000000 0.787483 0.000000 3.370228 -48.471966 0.763911 
475 45.646758 0.000000 0.787483 103.637508 2.231062 0.141787 -0.074573 
476 47.663281 0.000000 0.787483 42.029792 -4.272029 -4.449843 0.819545 
477 48.671543 0.000000 2.652717 91.921555 -0.256072 7.401980 0.149557 
478 48.671543 0.000000 1.720100 88.126201 -0.618382 8.763373 0.215659 
479 49.679805 0.000000 2.652717 94.640016 -0.313265 9.680217 0.094946 
480 48.671543 0.000000 3.585334 94.863863 -0.324332 2.761809 0.099311 
481 47.159150 0.000000 2.186408 100.814039 1.869636 -2.222268 -0.017190 
482 46.655020 0.000000 2.186408 101.925174 2.023556 -0.926993 -0.039370 
483 47.159150 0.000000 1.720100 22.686936 3.079358 -23.122550 0.894117 
484 47.663281 0.000000 2.186408 84.703946 -0.489347 -0.383391 0.282486 
485 47.159150 0.000000 2.652717 100.294215 0.046395 -2.536670 -0.006537 
486 44.638496 0.000000 2.652717 108.509170 1.463059 0.586358 -0.177672 
487 43.630234 0.000000 2.652717 110.878633 0.904945 1.430318 -0.229694 
488 44.638496 0.000000 1.720100 108.340785 1.313544 1.994675 -0.174343 
489 44.638496 0.000000 3.585334 110.827158 1.196107 -2.463133 -0.229016 
490 46.150889 0.000000 2.186408 102.813999 2.051148 -0.626567 -0.057532 
491 45.646758 0.000000 2.186408 104.970530 1.962098 0.065291 -0.102267 
492 46.150889 0.000000 1.720100 102.788965 2.047572 -0.652007 -0.057019 
493 46.150889 0.000000 2.652717 103.643441 2.244024 -0.148529 -0.074702 
494 48.671543 0.000000 0.787483 84.185053 -1.242540 5.034801 0.288598 
495 49.679805 0.000000 0.787483 93.439144 -0.559184 5.989360 0.123294 
496 47.159150 0.000000 1.253792 0.000000 4.173011 -39.262197 0.844107 
497 46.655020 0.000000 1.253792 43.162319 3.407357 -23.710643 0.756321 
498 47.159150 0.000000 0.787483 0.000000 3.363661 -48.456191 0.764068 
499 47.663281 0.000000 1.253792 57.654913 -1.980383 -6.102441 0.663475 
500 46.907085 0.000000 1.953254 52.873151 2.553553 -13.041799 0.702782 
501 46.655020 0.000000 1.953254 80.343851 2.192924 -6.596049 0.349655 
502 46.907085 0.000000 1.720100 14.120566 3.288425 -27.595473 0.902829 
503 47.159150 0.000000 1.953254 35.511083 2.733362 -17.268978 0.843327 
504 46.907085 0.000000 2.186408 78.151146 2.187146 -6.316901 0.384771 
505 44.638496 0.000000 0.787483 110.354836 0.808351 3.948079 -0.219443 
506 43.630234 0.000000 0.787483 110.718086 0.719428 3.279571 -0.226977 
507 46.150889 0.000000 1.253792 103.637031 2.004526 1.674240 -0.074746 
508 45.646758 0.000000 1.253792 104.884382 1.878858 0.817604 -0.100493 
509 46.150889 0.000000 0.787483 103.680074 2.333915 -1.901296 -0.075862 
510 46.907085 0.000000 1.486946 8.467955 3.760957 -32.818734 0.883708 
511 46.655020 0.000000 1.486946 75.003459 2.559541 -10.014950 0.426763 
512 46.907085 0.000000 1.253792 0.000000 4.092450 -38.064149 0.853437 
513 47.159150 0.000000 1.486946 0.000000 3.838707 -34.831610 0.877202 
514 48.167412 0.000000 2.186408 87.194733 -0.696291 6.405786 0.235556 
515 48.167412 0.000000 1.720100 82.141634 -0.878490 5.239550 0.322453 
516 48.671543 0.000000 2.186408 90.335977 -0.576381 9.565562 0.174758 
517 48.167412 0.000000 2.652717 89.160019 -0.455467 5.599385 0.201893 
518 47.411216 0.000000 1.953254 77.639819 -0.096446 -9.984188 0.387237 
519 47.411216 0.000000 1.720100 66.229858 -0.242390 -13.134415 0.544103 
520 47.663281 0.000000 1.953254 79.253543 -0.556504 -1.933202 0.371483 
521 47.411216 0.000000 2.186408 86.305496 -0.123174 -6.288002 0.251181 
522 47.033118 0.000000 1.836677 27.908424 2.991749 -21.772126 0.873814 
523 46.907085 0.000000 1.836677 21.411683 2.985042 -21.081994 0.908818 
524 47.033118 0.000000 1.720100 21.204308 3.173666 -24.798314 0.892535 
525 47.159150 0.000000 1.836677 33.945833 2.757299 -17.707823 0.852651 
526 47.033118 0.000000 1.953254 46.015976 2.604751 -14.589919 0.766288 
527 47.159150 0.000000 -0.611442 0.000000 17.902473 55.924333 0.655197 
528 46.655020 0.000000 -0.611442 0.000000 10.900146 60.770117 0.618818 
529 47.663281 0.000000 -0.611442 41.244557 -5.856980 20.726222 0.783501 
530 47.159150 0.000000 -0.145134 0.000000 57.281913 -6.014126 0.668261 
531 46.150889 0.000000 -0.611442 -8.033879 3.676622 -10.294297 0.981597 
532 45.646758 0.000000 -0.611442 11.048320 1.101555 -1.033601 0.987565 
533 46.150889 0.000000 -0.145134 -15.843382 5.628267 -6.058052 0.968061 
534 47.159150 0.000000 0.321175 0.000000 0.129064 -72.080212 0.480443 
535 46.655020 0.000000 0.321175 0.000000 -2.068204 -67.558862 0.543152 
536 47.663281 0.000000 0.321175 29.308892 -7.288876 2.720519 0.908046 
537 46.907085 0.000000 -0.378288 0.000000 30.153291 38.137551 0.763631 
538 46.655020 0.000000 -0.378288 0.000000 24.666238 51.347433 0.675502 
539 46.907085 0.000000 -0.611442 0.000000 17.608391 55.949965 0.655955 
540 47.159150 0.000000 -0.378288 0.000000 19.919987 64.082350 0.549665 
541 46.907085 0.000000 -0.145134 0.000000 34.677510 26.429338 0.809896 
542 46.150889 0.000000 0.321175 -15.367245 4.904901 0.763806 0.973921 
543 45.646758 0.000000 0.321175 8.366900 1.304036 -0.832590 0.992760 
544 46.907085 0.000000 0.088021 0.000000 6.423043 -107.928140 -0.168974 
545 46.655020 0.000000 0.088021 -206.660473 -7.928551 18.342994 -3.310788 
546 47.159150 0.000000 0.088021 -271.380359 7.131555 -25.657334 -6.435646 
547 46.907085 0.000000 0.321175 0.000000 -5.389952 -89.464112 0.196712 
548 48.167412 0.000000 0.321175 68.586238 -2.758904 4.510234 0.526797 
549 48.167412 0.000000 -0.145134 68.592579 -2.911029 7.182897 0.523499 
550 48.671543 0.000000 0.321175 83.204968 -1.442801 4.853362 0.305130 
551 48.167412 0.000000 0.787483 71.612273 -2.196367 2.857439 0.485869 
552 47.411216 0.000000 0.088021 -30.987557 -11.308422 7.076384 0.886182 
553 47.411216 0.000000 -0.145134 -26.399059 -11.345066 21.468167 0.871350 
554 47.663281 0.000000 0.088021 27.021434 -8.248991 8.082461 0.913647 
555 47.411216 0.000000 0.321175 -19.094974 -8.391733 -6.075321 0.952805 
556 47.033118 0.000000 -0.028556 0.000000 17.197636 -44.622041 0.771311 
557 46.907085 0.000000 -0.028556 0.000000 225.615413 -811.405263 -69.928082 
558 47.033118 0.000000 -0.145134 0.000000 25.442166 41.989793 0.758955 
559 47.159150 0.000000 -0.028556 -290.232479 4.987291 29.204030 -7.511264 
560 47.033118 0.000000 0.088021 0.000000 8.648826 -129.018337 -0.672053 
561 46.402954 0.000000 0.088021 -54.731691 7.433680 -1.872182 0.694568 
562 46.150889 0.000000 0.088021 -16.975589 5.640200 -2.718780 0.967263 
563 46.402954 0.000000 -0.145134 -51.763545 7.438268 -11.300148 0.713751 
564 46.402954 0.000000 0.321175 -48.620421 11.157098 3.354485 0.750032 
565 46.781052 0.000000 -0.028556 0.000000 21.588698 19.837009 0.914042 
566 46.655020 0.000000 -0.028556 -216.525527 -6.897503 -13.600479 -3.711585 
567 46.781052 0.000000 -0.145134 0.000000 23.614370 59.757330 0.587142 
568 46.781052 0.000000 0.088021 0.000000 5.377603 -124.963192 -0.564472 
569 46.907085 0.000000 0.554329 0.000000 0.864003 -61.238007 0.624916 
570 46.655020 0.000000 0.554329 0.000000 -0.936693 -63.064261 0.602202 
571 47.159150 0.000000 0.554329 0.000000 0.317091 -59.099140 0.650719 
572 46.907085 0.000000 0.787483 0.000000 3.353515 -47.129467 0.776757 
573 47.033118 0.000000 0.204598 0.000000 0.621466 -110.985758 -0.231822 
574 46.907085 0.000000 0.204598 0.000000 -2.667132 -107.830540 -0.163454 
575 47.159150 0.000000 0.204598 -198.591824 11.548861 -59.247539 -3.308236 
576 47.033118 0.000000 0.321175 0.000000 -2.276105 -95.649261 0.084604 
577 46.970101 0.000000 0.029732 0.000000 28.093998 -662.535834 -42.974300 
578 46.907085 0.000000 0.029732 0.000000 58.127733 -658.329518 -42.677659 
579 46.970101 0.000000 -0.028556 0.000000 214.777821 -562.577233 -35.262265 
580 47.033118 0.000000 0.029732 0.000000 11.863045 -57.095481 0.659937 
581 46.970101 0.000000 0.088021 0.000000 7.021577 -118.234255 -0.402864 
582 46.781052 0.000000 0.204598 0.000000 -0.051222 -109.633749 -0.201956 
583 46.655020 0.000000 0.204598 -129.179711 4.056904 91.357812 -1.505011 
584 46.781052 0.000000 0.321175 0.000000 -3.500934 -90.503331 0.179689 
585 46.844069 0.000000 0.029732 0.000000 13.977430 -59.891632 0.621762 
586 46.781052 0.000000 0.029732 0.000000 8.007653 -123.225571 -0.524866 
587 46.844069 0.000000 -0.028556 0.000000 16.080620 -44.831043 0.773159 
588 46.844069 0.000000 0.088021 0.000000 8.283555 -128.680486 -0.662728 
589 46.970101 0.000000 0.146309 0.000000 -0.362539 -116.166535 -0.349480 
590 46.907085 0.000000 0.146309 0.000000 -1.737280 -113.323940 -0.284533 
591 47.033118 0.000000 0.146309 0.000000 3.094654 -121.263782 -0.471448 
592 46.970101 0.000000 0.204598 0.000000 -1.593851 -108.626114 -0.180217 
593 46.938593 0.000000 0.058876 0.000000 -17.359955 -373.066946 -12.948031 
594 46.907085 0.000000 0.058876 0.000000 4.108393 -472.826002 -21.358131 
595 46.938593 0.000000 0.029732 0.000000 54.702208 -605.505140 -35.962881 
596 46.970101 0.000000 0.058876 0.000000 -10.861855 -218.451298 -3.783895 
597 46.938593 0.000000 0.088021 0.000000 -5.952085 -95.506139 0.084315 
598 48.167412 0.000000 -0.611442 71.689271 -2.590050 9.691489 0.476002 
599 48.671543 0.000000 -0.611442 84.444243 -1.425233 6.129969 0.282956 
600 47.411216 0.000000 -0.378288 -5.960853 -14.996559 34.383378 0.855735 
601 47.411216 0.000000 -0.611442 13.095554 -9.484613 36.167221 0.843048 
602 47.663281 0.000000 -0.378288 34.073085 -7.315022 17.810944 0.846829 
603 47.033118 0.000000 -0.261711 0.000000 27.206678 60.545663 0.559402 
604 46.907085 0.000000 -0.261711 0.000000 37.423478 24.292134 0.800938 
605 47.033118 0.000000 -0.378288 0.000000 18.108588 65.783336 0.534463 
606 47.159150 0.000000 -0.261711 0.000000 24.643307 51.422673 0.674842 
607 46.970101 0.000000 -0.086845 0.000000 24.335332 -3.297643 0.939692 
608 46.907085 0.000000 -0.086845 0.000000 24.648925 -2.452893 0.938641 
609 46.970101 0.000000 -0.145134 0.000000 31.468923 33.343197 0.789794 
610 47.033118 0.000000 -0.086845 0.000000 24.199770 7.629320 0.935616 
611 46.402954 0.000000 -0.378288 -37.511916 11.043399 -20.407799 0.805442 
612 46.150889 0.000000 -0.378288 -12.435709 4.870089 -8.634583 0.974708 
613 46.402954 0.000000 -0.611442 -24.215529 6.781215 -20.594523 0.894349 
614 46.781052 0.000000 -0.261711 0.000000 29.245183 56.627098 0.593809 
615 46.655020 0.000000 -0.261711 -149.680101 16.780418 -48.812970 -1.506842 
616 46.781052 0.000000 -0.378288 0.000000 17.467474 67.221162 0.517620 
617 46.844069 0.000000 -0.086845 0.000000 24.502928 8.795065 0.932225 
618 46.781052 0.000000 -0.086845 0.000000 22.224453 42.865692 0.766861 
619 46.844069 0.000000 -0.145134 0.000000 26.295830 41.900509 0.755288 
620 46.938593 0.000000 -0.057701 0.000000 254.168504 -758.153338 -62.939811 
621 46.907085 0.000000 -0.057701 0.000000 215.131097 -587.228021 -38.111814 
622 46.938593 0.000000 -0.086845 0.000000 87.016229 -251.125011 -6.063560 
623 46.970101 0.000000 -0.057701 0.000000 167.975138 -511.107824 -27.944685 
624 46.938593 0.000000 -0.028556 0.000000 233.555652 -904.242653 -86.220302 
625 -170.121250 0.000000 -177.342325 99.984134 -0.000038 1.745209 0.000013 
626 -234.650000 0.000000 -177.342325 99.984431 -0.000024 1.745272 0.000007 
627 -170.121250 0.000000 -237.029800 99.984250 -0.000043 1.745171 0.000010 
628 217.051250 0.000000 -177.342325 99.984223 -0.000549 1.742062 0.000012 
629 217.051250 0.000000 -237.029800 99.984324 -0.000393 1.743480 0.000010 
630 281.580000 0.000000 -177.342325 99.984495 -0.000567 1.742026 0.000007 
631 -73.328125 0.000000 -87.811112 99.980843 -0.000076 1.744492 0.000079 
632 -105.592500 0.000000 -87.811112 99.982655 -0.000050 1.745133 0.000042 
633 -73.328125 0.000000 -117.654850 99.981841 -0.000084 1.744377 0.000059 
634 120.258125 0.000000 -87.811112 99.981246 -0.001072 1.733740 0.000074 
635 120.258125 0.000000 -117.654850 99.982310 -0.000762 1.739017 0.000051 
636 152.522500 0.000000 -87.811112 99.982839 -0.001133 1.732935 0.000043 
637 -24.931563 0.000000 -43.045506 99.927439 0.031832 1.747363 0.001145 
638 -41.063750 0.000000 -43.045506 99.966588 0.005013 1.739586 0.000366 
639 -24.931563 0.000000 -57.967375 99.964890 0.009459 1.731325 0.000402 
640 71.861562 0.000000 -43.045506 99.952353 0.003601 1.721864 0.000656 
641 71.861562 0.000000 -57.967375 99.950968 -0.008087 1.713984 0.000687 
642 87.993750 0.000000 -43.045506 99.956073 -0.005903 1.690194 0.000593 
643 -0.733281 0.000000 -20.662703 99.803240 0.072291 1.545794 0.003692 
644 -8.799375 0.000000 -20.662703 99.529722 -0.412739 1.882553 0.009012 
645 -0.733281 0.000000 -28.123637 99.863652 0.003909 1.625658 0.002461 
646 -16.865469 0.000000 -20.662703 99.881309 0.006894 1.724630 0.002075 
647 -24.931563 0.000000 -20.662703 99.923650 0.003571 1.742243 0.001223 
648 -16.865469 0.000000 -28.123637 99.904814 0.007365 1.724552 0.001605 
649 11.365859 0.000000 -9.471302 100.009649 0.245372 1.041305 -0.000307 
650 7.332812 0.000000 -9.471302 99.850132 0.109400 0.974065 0.002899 
651 11.365859 0.000000 -13.201769 99.892264 0.231680 1.251760 0.001992 
652 -16.865469 0.000000 9.181034 99.893280 0.004350 1.789266 0.001813 
653 -24.931563 0.000000 9.181034 99.926196 -0.000889 1.768294 0.001163 
654 -16.865469 0.000000 16.641969 99.904797 -0.008505 1.798730 0.001580 
655 -4.766328 0.000000 5.450567 99.469858 -0.008316 1.854647 0.010231 
656 -8.799375 0.000000 5.450567 99.705380 -0.009140 1.787101 0.005564 
657 -4.766328 0.000000 9.181034 99.596839 -0.024290 1.883405 0.007692 
658 13.382383 0.000000 -3.875601 119.989354 -0.058743 -6.496414 -0.443965 
659 11.365859 0.000000 -3.875601 123.055982 0.121048 -8.982057 -0.522347 
660 13.382383 0.000000 -5.740834 100.092021 0.289491 0.501423 -0.001875 
661 9.349336 0.000000 3.585334 126.697245 0.071460 11.951563 -0.619504 
662 7.332812 0.000000 3.585334 101.339540 -0.017345 4.992041 -0.029462 
663 9.349336 0.000000 5.450567 100.244936 -0.040584 3.024584 -0.005820 
664 20.440215 0.000000 -2.942984 109.621937 -0.032433 -3.190366 -0.202715 
665 20.440215 0.000000 -3.875601 100.439561 -0.010800 1.167590 -0.008947 
666 20.440215 0.000000 -2.010367 109.623428 -0.032130 -3.127518 -0.202708 
667 20.440215 0.000000 2.652717 91.741941 -0.017386 2.388223 0.157771 
668 20.440215 0.000000 1.720100 97.790816 -0.017365 2.317771 0.043158 
669 20.440215 0.000000 3.585334 99.500379 -0.008400 5.361037 0.007093 
670 24.473262 0.000000 -2.942984 109.922422 -0.184647 -4.722092 -0.210527 
671 24.473262 0.000000 -3.875601 100.244342 0.842515 0.187608 -0.004967 
672 24.473262 0.000000 -2.010367 109.888884 -0.180052 -4.682431 -0.209752 
673 24.473262 0.000000 2.652717 116.694910 -0.122772 2.518589 -0.362406 
674 24.473262 0.000000 1.720100 116.350198 -0.121845 2.365893 -0.354298 
675 24.473262 0.000000 3.585334 112.079254 -0.039116 0.034212 -0.256176 
676 63.795469 0.000000 -20.662703 99.833564 -0.008802 1.652191 0.003053 
677 63.795469 0.000000 -28.123637 99.900310 -0.002899 1.707015 0.001701 
678 71.861562 0.000000 -20.662703 99.898370 -0.005010 1.621554 0.001769 
679 37.580664 0.000000 -0.145134 111.717582 0.156161 1.951545 -0.248465 
680 35.564141 0.000000 -0.145134 111.441373 -0.094010 2.909144 -0.242765 
681 33.547617 0.000000 -0.145134 -61.266951 -0.001132 2.227527 0.624140 
682 28.506309 0.000000 -2.942984 106.666839 -0.416640 -1.657606 -0.138074 
683 28.506309 0.000000 -3.875601 104.755296 -0.318658 1.519448 -0.097608 
684 28.506309 0.000000 -2.010367 106.859262 -0.410040 -1.833092 -0.142243 
685 28.506309 0.000000 2.652717 100.925656 -0.297399 -0.089625 -0.018608 
686 28.506309 0.000000 1.720100 99.464122 -0.293811 -1.073127 0.010565 
687 28.506309 0.000000 3.585334 102.148066 -0.301400 0.788511 -0.043494 
688 48.167412 0.000000 -2.476676 92.644406 -0.736466 9.701207 0.132236 
689 48.167412 0.000000 -2.942984 93.552818 -0.437959 7.485958 0.119164 
690 48.671543 0.000000 -2.476676 92.131943 -0.569885 5.629092 0.147969 
691 47.411216 0.000000 -2.243521 96.018180 -0.282538 23.584472 0.022420 
692 47.411216 0.000000 -2.476676 100.082115 -0.226607 18.783201 -0.036929 
693 47.663281 0.000000 -2.243521 91.155780 -0.674873 17.688189 0.137730 
694 48.167412 0.000000 1.253792 76.575069 -1.477023 3.172810 0.412401 
695 48.671543 0.000000 1.253792 85.957341 -0.928104 6.431883 0.256910 
696 46.907085 0.000000 1.020637 0.000000 3.748556 -43.096504 0.812864 
697 46.655020 0.000000 1.020637 0.000000 4.173011 -39.262197 0.844107 
698 47.159150 0.000000 1.020637 0.000000 3.873637 -41.256480 0.828290 
699 47.411216 0.000000 1.486946 53.973633 -0.654657 -14.943000 0.686313 
700 47.411216 0.000000 1.253792 41.881826 -1.464128 -15.619027 0.799981 
701 47.663281 0.000000 1.486946 65.343094 -1.266953 -5.313393 0.570044 
702 47.411216 0.000000 0.554329 -3.268389 -9.576815 -10.595543 0.978534 
703 47.663281 0.000000 0.554329 34.813350 -5.802018 -1.603542 0.875180 
704 47.411216 0.000000 0.787483 14.553841 -5.469036 -14.287700 0.955414 
705 46.402954 0.000000 0.554329 -35.766051 6.950860 9.140073 0.858893 
706 46.150889 0.000000 0.554329 -11.707891 3.731585 3.791927 0.983462 
707 46.402954 0.000000 0.787483 -23.556744 3.567497 11.205108 0.930680 
708 46.938593 0.000000 0.000588 0.000000 152.662822 -798.826869 -65.143030 
709 46.907085 0.000000 0.000588 0.000000 149.070065 -776.550158 -61.525203 
710 46.970101 0.000000 0.000588 0.000000 142.518527 -738.824081 -55.617255 
711 46.844069 0.000000 0.146309 0.000000 2.291767 -118.142307 -0.396286 
712 46.781052 0.000000 0.146309 0.000000 2.145563 -120.486151 -0.452152 
713 46.844069 0.000000 0.204598 0.000000 0.454204 -109.182223 -0.192096 
714 3.299766 0.000000 -9.471302 99.563261 0.061473 1.093482 0.008596 
715 -0.733281 0.000000 -9.471302 99.434093 -0.012968 1.376559 0.011097 
716 3.299766 0.000000 -13.201769 99.703189 0.071469 1.344019 0.005746 
717 5.316289 0.000000 3.585334 101.130162 -0.008646 4.169557 -0.024469 
718 3.299766 0.000000 3.585334 99.803615 -0.013266 3.975655 0.002343 
719 5.316289 0.000000 5.450567 99.897316 -0.029526 3.111247 0.001085 
720 9.349336 0.000000 -3.875601 99.610860 0.116786 -1.671718 0.007487 
721 7.332812 0.000000 -3.875601 100.643002 0.072501 -1.235752 -0.013055 
722 9.349336 0.000000 -5.740834 100.031255 0.127611 0.314378 -0.000637 
723 47.411216 0.000000 1.020637 29.263015 -2.925774 -15.494163 0.889505 
724 47.663281 0.000000 1.020637 49.817834 -2.974205 -5.880227 0.747476 
725 46.402954 0.000000 1.020637 103.637850 2.231831 0.125168 -0.074580 
726 46.150889 0.000000 1.020637 103.638393 2.233047 0.098681 -0.074591 
727 46.402954 0.000000 1.253792 103.639063 2.234538 0.066049 -0.074605 
728 46.402954 0.000000 1.486946 102.275869 2.068680 -0.664146 -0.046507 
729 46.150889 0.000000 1.486946 103.639377 2.029855 1.423771 -0.074727 
730 46.402954 0.000000 1.720100 102.251661 2.005044 -0.848502 -0.046014 
731 -4.766328 0.000000 -9.471302 99.586051 0.004820 1.625493 0.007998 
732 -8.799375 0.000000 -9.471302 99.739402 0.017008 1.684376 0.004921 
733 -4.766328 0.000000 -13.201769 99.691968 0.010198 1.610298 0.005892 
734 5.316289 0.000000 -3.875601 100.367589 0.056663 -0.667458 -0.007410 
735 3.299766 0.000000 -3.875601 99.388433 0.002215 -0.440353 0.012175 
736 5.316289 0.000000 -5.740834 99.697772 0.068408 0.315057 0.006025 
737 1.283242 0.000000 3.585334 98.184892 -0.006666 3.334439 0.034861 
738 -0.733281 0.000000 3.585334 98.488394 0.002090 2.331078 0.029460 
739 1.283242 0.000000 5.450567 98.928928 -0.015325 2.744433 0.020554 
740 46.402954 0.000000 1.953254 102.086318 2.055062 -1.586662 -0.042836 
741 46.150889 0.000000 1.953254 102.503670 2.039104 -0.847473 -0.051188 
742 46.402954 0.000000 2.186408 102.192405 2.067827 -1.396304 -0.044951 
1 19 21 9 22 
2 20 19 22 4 
3 28 29 3 30 
4 21 28 30 9 
5 35 37 21 38 
6 36 35 38 19 
7 44 45 28 46 
8 37 44 46 21 
9 51 53 37 54 
10 52 51 54 35 
11 11 62 60 61 
12 62 10 24 60 
13 60 24 14 63 
14 61 60 63 6 
15 24 66 64 65 
16 66 23 40 64 
17 64 40 27 67 
18 65 64 67 14 
19 40 70 68 69 
20 69 68 71 27 
21 72 73 44 74 
22 53 72 74 37 
23 75 77 53 78 
24 76 75 78 51 
25 6 63 92 93 
26 63 14 36 92 
27 92 36 19 94 
28 93 92 94 20 
29 14 67 95 96 
30 67 27 52 95 
31 95 52 35 97 
32 96 95 97 36 
33 27 71 98 99 
34 98 76 51 100 
35 99 98 100 52 
36 101 103 75 104 
37 102 101 104 76 
38 79 107 105 106 
39 68 112 110 111 
40 112 56 80 110 
41 110 80 43 113 
42 111 110 113 71 
43 80 116 114 115 
44 116 79 106 114 
45 114 106 83 117 
46 115 114 117 43 
47 118 119 72 120 
48 77 118 120 53 
49 121 122 77 123 
50 103 121 123 75 
51 124 126 103 127 
52 125 124 127 101 
53 106 130 128 129 
54 130 105 131 128 
55 128 131 109 132 
56 129 128 132 83 
57 105 138 137 131 
58 138 108 139 137 
59 137 139 59 140 
60 131 137 140 109 
61 141 142 121 143 
62 126 141 143 103 
63 108 145 144 139 
64 145 133 146 144 
65 144 146 136 147 
66 139 144 147 59 
67 133 157 156 146 
68 157 135 158 156 
69 156 158 91 159 
70 146 156 159 136 
71 160 161 118 162 
72 122 160 162 77 
73 163 164 122 165 
74 142 163 165 121 
75 136 159 166 167 
76 159 91 168 166 
77 166 168 142 169 
78 167 166 169 141 
79 91 171 170 168 
80 170 172 163 173 
81 168 170 173 142 
82 12 176 174 175 
83 176 7 177 174 
84 174 177 13 25 
85 175 174 25 10 
86 25 180 178 179 
87 180 13 181 178 
88 178 181 26 41 
89 179 178 41 23 
90 41 184 182 183 
91 184 26 185 182 
92 182 185 42 57 
93 183 182 57 39 
94 57 188 186 187 
95 188 42 189 186 
96 186 189 58 89 
97 187 186 89 55 
98 89 192 190 191 
99 192 58 193 190 
100 190 193 90 153 
101 191 190 153 88 
102 88 196 194 195 
103 196 153 197 194 
104 195 194 198 135 
105 153 204 203 197 
106 204 90 205 203 
107 135 198 207 158 
108 198 152 208 207 
109 207 208 155 171 
110 158 207 171 91 
111 194 211 209 210 
112 211 197 212 209 
113 209 212 152 213 
114 210 209 213 198 
115 214 215 160 216 
116 164 214 216 122 
117 217 219 164 220 
118 172 217 220 163 
119 171 223 221 222 
120 223 155 224 221 
121 221 224 172 225 
122 222 221 225 170 
123 7 227 226 177 
124 227 16 228 226 
125 226 228 15 32 
126 177 226 32 13 
127 13 230 229 181 
128 230 32 231 229 
129 229 231 31 48 
130 181 229 48 26 
131 26 233 232 185 
132 233 48 234 232 
133 232 234 47 85 
134 185 232 85 42 
135 42 236 235 189 
136 236 85 237 235 
137 235 237 84 149 
138 189 235 149 58 
139 58 239 238 193 
140 239 149 240 238 
141 238 240 148 200 
142 193 238 200 90 
143 90 242 241 205 
144 242 200 243 241 
145 152 206 245 208 
146 206 154 246 245 
147 245 246 5 218 
148 208 245 218 155 
149 203 249 247 248 
150 249 205 250 247 
151 247 250 154 251 
152 248 247 251 206 
153 252 254 214 255 
154 219 252 255 164 
155 218 258 256 257 
156 258 5 259 256 
157 256 259 219 260 
158 257 256 260 217 
159 15 262 261 33 
160 262 17 263 261 
161 261 263 8 264 
162 33 261 264 18 
163 31 266 265 49 
164 266 33 267 265 
165 265 267 18 268 
166 49 265 268 34 
167 270 49 271 269 
168 269 271 34 272 
169 200 282 281 243 
170 282 148 283 281 
171 154 244 285 246 
172 244 199 286 285 
173 285 286 202 253 
174 246 285 253 5 
175 241 289 287 288 
176 289 243 290 287 
177 287 290 199 291 
178 288 287 291 244 
179 18 264 292 45 
180 264 8 293 292 
181 292 293 29 294 
182 45 292 294 28 
183 34 268 295 73 
184 268 18 296 295 
185 295 296 45 297 
186 73 295 297 44 
187 272 34 299 298 
188 298 299 73 300 
189 119 298 300 72 
190 301 302 119 303 
191 161 301 303 118 
192 304 305 161 306 
193 215 304 306 160 
194 307 309 215 310 
195 254 307 310 214 
196 253 313 311 312 
197 313 202 314 311 
198 311 314 254 315 
199 312 311 315 252 
200 149 317 316 240 
201 317 84 318 316 
202 316 318 150 278 
203 240 316 278 148 
204 148 320 319 283 
205 320 278 321 319 
206 319 321 277 322 
207 283 319 322 201 
208 199 284 323 286 
209 284 201 324 323 
210 323 324 151 308 
211 286 323 308 202 
212 281 327 325 326 
213 327 283 328 325 
214 325 328 201 329 
215 326 325 329 284 
216 151 331 330 309 
217 331 280 332 330 
218 330 332 304 333 
219 309 330 333 215 
220 308 336 334 335 
221 336 151 337 334 
222 334 337 309 338 
223 335 334 338 307 
224 278 344 343 321 
225 344 150 345 343 
226 343 345 279 346 
227 321 343 346 277 
228 347 348 301 349 
229 305 347 349 161 
230 280 351 350 332 
231 351 87 352 350 
232 350 352 305 353 
233 332 350 353 304 
234 85 355 354 237 
235 355 47 356 354 
236 354 356 86 274 
237 237 354 274 84 
238 84 358 357 318 
239 358 274 359 357 
240 357 359 273 340 
241 318 357 340 150 
242 150 361 360 345 
243 361 340 362 360 
244 360 362 339 363 
245 345 360 363 279 
246 87 365 364 352 
247 365 342 366 364 
248 364 366 347 367 
249 352 364 367 305 
250 86 369 368 275 
251 369 269 370 368 
252 368 370 272 371 
253 275 368 371 50 
254 373 275 374 372 
255 372 374 50 375 
256 50 371 381 302 
257 371 272 382 381 
258 381 382 298 383 
259 302 381 383 119 
260 375 50 385 384 
261 384 385 302 386 
262 348 384 386 301 
263 387 388 348 389 
264 366 387 389 347 
265 340 391 390 362 
266 391 273 392 390 
267 394 372 395 393 
268 393 395 375 396 
269 396 375 403 402 
270 402 403 384 404 
271 388 402 404 348 
272 405 408 388 409 
273 406 405 409 387 
274 274 411 410 359 
275 411 86 412 410 
276 410 412 275 373 
277 359 410 373 273 
278 273 414 413 392 
279 414 373 415 413 
280 413 415 372 394 
281 390 418 416 417 
282 418 392 419 416 
283 421 394 422 420 
284 420 422 393 423 
285 424 427 400 428 
286 425 424 428 397 
287 279 363 429 430 
288 363 339 377 429 
289 429 377 342 365 
290 430 429 365 87 
291 339 433 431 432 
292 433 378 398 431 
293 431 398 376 434 
294 432 431 434 377 
295 378 437 435 436 
296 437 399 425 435 
297 435 425 397 438 
298 436 435 438 398 
299 392 440 439 419 
300 440 413 441 439 
301 439 441 394 421 
302 416 444 442 443 
303 444 419 445 442 
304 399 448 446 447 
305 446 449 424 450 
306 447 446 450 425 
307 362 453 451 452 
308 453 390 417 451 
309 451 417 378 433 
310 452 451 433 339 
311 417 456 454 455 
312 456 416 443 454 
313 454 443 399 437 
314 455 454 437 378 
315 443 459 457 458 
316 459 442 460 457 
317 457 460 426 448 
318 458 457 448 399 
319 341 462 461 427 
320 462 421 463 461 
321 461 463 420 464 
322 427 461 464 400 
323 426 466 465 449 
324 466 341 467 465 
325 465 467 427 468 
326 449 465 468 424 
327 448 471 469 470 
328 471 426 472 469 
329 469 472 449 473 
330 470 469 473 446 
331 478 396 479 477 
332 477 479 402 480 
333 408 477 480 388 
334 481 484 408 485 
335 482 481 485 405 
336 342 488 486 487 
337 488 380 406 486 
338 486 406 387 489 
339 487 486 489 366 
340 380 492 490 491 
341 490 482 405 493 
342 491 490 493 406 
343 423 393 495 494 
344 494 495 396 478 
345 407 502 500 501 
346 500 503 481 504 
347 501 500 504 482 
348 377 434 505 506 
349 434 376 475 505 
350 505 475 380 488 
351 506 505 488 342 
352 475 509 507 508 
353 508 507 492 380 
354 497 512 510 511 
355 512 496 513 510 
356 510 513 483 502 
357 511 510 502 407 
358 276 515 514 484 
359 515 478 516 514 
360 514 516 477 517 
361 484 514 517 408 
362 483 519 518 503 
363 519 276 520 518 
364 518 520 484 521 
365 503 518 521 481 
366 502 524 522 523 
367 524 483 525 522 
368 522 525 503 526 
369 523 522 526 500 
370 397 428 527 528 
371 428 400 529 527 
372 398 438 531 532 
373 438 397 528 531 
374 532 531 533 376 
375 528 539 537 538 
376 539 527 540 537 
377 376 533 542 543 
378 543 542 509 475 
379 379 549 548 536 
380 549 423 550 548 
381 548 550 494 551 
382 536 548 551 476 
383 530 553 552 546 
384 553 379 554 552 
385 552 554 536 555 
386 546 552 555 534 
387 558 530 559 556 
388 556 559 546 560 
389 533 563 561 562 
390 563 401 545 561 
391 561 545 535 564 
392 562 561 564 542 
393 401 567 565 566 
394 566 565 568 545 
395 535 547 569 570 
396 547 534 571 569 
397 569 571 498 572 
398 570 569 572 474 
399 560 546 575 573 
400 573 575 534 576 
401 574 573 576 547 
402 579 556 580 577 
403 577 580 560 581 
404 545 568 582 583 
405 582 574 547 584 
406 583 582 584 535 
407 565 587 585 586 
408 587 557 578 585 
409 585 578 544 588 
410 586 585 588 568 
411 544 581 589 590 
412 581 560 591 589 
413 589 591 573 592 
414 590 589 592 574 
415 578 595 593 594 
416 595 577 596 593 
417 593 596 581 597 
418 594 593 597 544 
419 400 464 598 529 
420 464 420 599 598 
421 598 599 423 549 
422 529 598 549 379 
423 527 601 600 540 
424 601 529 602 600 
425 600 602 379 553 
426 540 600 553 530 
427 537 605 603 604 
428 605 540 606 603 
429 603 606 530 558 
430 604 603 558 541 
431 541 609 607 608 
432 609 558 610 607 
433 607 610 556 579 
434 531 613 611 612 
435 613 528 538 611 
436 611 538 401 563 
437 612 611 563 533 
438 538 616 614 615 
439 616 537 604 614 
440 614 604 541 567 
441 615 614 567 401 
442 567 619 617 618 
443 619 541 608 617 
444 617 608 557 587 
445 618 617 587 565 
446 608 622 620 621 
447 622 607 623 620 
448 620 623 579 624 
449 621 620 624 557 
450 1 627 625 626 
451 627 12 175 625 
452 625 175 10 62 
453 626 625 62 11 
454 16 629 628 228 
455 629 2 630 628 
456 628 630 17 262 
457 228 628 262 15 
458 10 633 631 632 
459 633 25 179 631 
460 631 179 23 66 
461 632 631 66 24 
462 32 635 634 231 
463 635 15 636 634 
464 634 636 33 266 
465 231 634 266 31 
466 23 639 637 638 
467 639 41 183 637 
468 637 183 39 70 
469 638 637 70 40 
470 48 641 640 234 
471 641 31 642 640 
472 640 642 49 270 
473 234 640 270 47 
474 39 645 643 644 
475 645 57 187 643 
476 643 187 55 81 
477 644 643 81 56 
478 70 648 646 647 
479 648 39 644 646 
480 646 644 56 112 
481 647 646 112 68 
482 55 651 649 650 
483 651 89 191 649 
484 649 191 88 134 
485 650 649 134 82 
486 71 113 652 653 
487 113 43 102 652 
488 652 102 76 654 
489 653 652 654 98 
490 43 117 655 656 
491 117 83 125 655 
492 655 125 101 657 
493 656 655 657 102 
494 134 660 658 659 
495 660 88 195 658 
496 658 195 135 157 
497 659 658 157 133 
498 59 147 661 662 
499 147 136 167 661 
500 661 167 141 663 
501 662 661 663 126 
502 197 665 664 212 
503 665 203 248 664 
504 664 248 206 666 
505 212 664 666 152 
506 155 668 667 224 
507 668 218 257 667 
508 667 257 217 669 
509 224 667 669 172 
510 205 671 670 250 
511 671 241 288 670 
512 670 288 244 672 
513 250 670 672 154 
514 5 674 673 259 
515 674 253 312 673 
516 673 312 252 675 
517 259 673 675 219 
518 47 677 676 356 
519 677 270 678 676 
520 676 678 269 369 
521 356 676 369 86 
522 277 346 679 680 
523 346 279 430 679 
524 679 430 87 351 
525 680 679 351 280 
526 201 322 681 324 
527 322 277 680 681 
528 681 680 280 331 
529 324 681 331 151 
530 243 683 682 290 
531 683 281 326 682 
532 682 326 284 684 
533 290 682 684 199 
534 202 686 685 314 
535 686 308 335 685 
536 685 335 307 687 
537 314 685 687 254 
538 419 689 688 445 
539 689 439 690 688 
540 688 690 421 462 
541 445 688 462 341 
542 442 692 691 460 
543 692 445 693 691 
544 691 693 341 466 
545 460 691 466 426 
546 476 551 694 499 
547 551 494 695 694 
548 694 695 478 515 
549 499 694 515 276 
550 474 572 696 697 
551 572 498 698 696 
552 696 698 496 512 
553 697 696 512 497 
554 496 700 699 513 
555 700 499 701 699 
556 699 701 276 519 
557 513 699 519 483 
558 534 555 702 571 
559 555 536 703 702 
560 702 703 476 704 
561 571 702 704 498 
562 542 564 705 706 
563 564 535 570 705 
564 705 570 474 707 
565 706 705 707 509 
566 557 624 708 709 
567 624 579 710 708 
568 708 710 577 595 
569 709 708 595 578 
570 568 588 711 712 
571 588 544 590 711 
572 711 590 574 713 
573 712 711 713 582 
574 81 716 714 715 
575 716 55 650 714 
576 714 650 82 107 
577 715 714 107 79 
578 109 140 717 718 
579 140 59 662 717 
580 717 662 126 719 
581 718 717 719 124 
582 82 722 720 721 
583 722 134 659 720 
584 720 659 133 145 
585 721 720 145 108 
586 498 704 723 698 
587 704 476 724 723 
588 723 724 499 700 
589 698 723 700 496 
590 509 707 725 726 
591 707 474 697 725 
592 725 697 497 727 
593 726 725 727 507 
594 507 727 728 729 
595 727 497 511 728 
596 728 511 407 730 
597 729 728 730 492 
598 56 733 731 732 
599 733 81 715 731 
600 731 715 79 116 
601 732 731 116 80 
602 107 736 734 735 
603 736 82 721 734 
604 734 721 108 138 
605 735 734 138 105 
606 83 132 737 738 
607 132 109 718 737 
608 737 718 124 739 
609 738 737 739 125 
610 492 730 740 741 
611 730 407 501 740 
612 740 501 482 742 
613 741 740 742 490 
