2 0.000000 100.000000 291.862339
62 43 
1 -144.530000 0.000000 -163.870000 99.614335 0.000000 8.717146 0.000100 
2 207.520000 0.000000 -163.870000 99.616187 0.000001 8.683791 0.000121 
3 207.520000 0.000000 167.670000 99.628405 0.000004 8.670529 -0.000100 
4 -144.530000 0.000000 167.670000 99.625336 0.000000 8.716901 -0.000119 
5 31.495000 0.000000 1.900000 99.783615 0.000001 0.000000 0.004323 
6 -144.530000 0.000000 1.900000 99.620022 0.000000 8.722311 -0.000023 
7 31.495000 0.000000 -163.870000 99.601222 0.000000 8.698943 0.000393 
8 207.520000 0.000000 1.900000 99.854428 -0.000929 6.017955 -0.000712 
9 31.495000 0.000000 167.670000 99.640711 0.000002 8.696315 -0.000390 
10 119.507500 0.000000 -80.985000 99.603430 -0.000001 8.586402 0.000543 
11 31.495000 0.000000 -80.985000 99.536688 -0.000000 8.648036 0.001766 
12 119.507500 0.000000 -163.870000 99.608675 0.000001 8.685094 0.000268 
13 207.520000 0.000000 -80.985000 99.622971 0.000000 8.608125 0.000116 
14 119.507500 0.000000 1.900000 100.056000 -0.002166 3.659266 -0.002459 
15 -56.517500 0.000000 -80.985000 99.598877 0.000000 8.721773 0.000399 
16 -144.530000 0.000000 -80.985000 99.615046 0.000000 8.720167 0.000080 
17 -56.517500 0.000000 -163.870000 99.607453 0.000000 8.713737 0.000243 
18 -56.517500 0.000000 1.900000 99.621544 0.000001 8.749379 -0.000100 
19 119.507500 0.000000 84.785000 99.657413 0.000020 8.537269 -0.000449 
20 31.495000 0.000000 84.785000 99.713439 0.000007 8.638526 -0.001739 
21 207.520000 0.000000 84.785000 99.642055 0.000028 8.502951 -0.000084 
22 119.507500 0.000000 167.670000 99.634929 0.000003 8.678042 -0.000243 
23 75.501250 0.000000 -39.542500 99.568648 -0.000043 8.239184 0.001820 
24 31.495000 0.000000 -39.542500 99.353165 0.001410 8.451674 0.005752 
25 75.501250 0.000000 -80.985000 99.569219 -0.000001 8.590483 0.001217 
26 119.507500 0.000000 -39.542500 99.628952 -0.000026 8.292944 0.000530 
27 75.501250 0.000000 1.900000 100.178312 0.000999 2.103216 -0.004012 
28 -56.517500 0.000000 84.785000 99.642851 0.000001 8.720848 -0.000475 
29 -144.530000 0.000000 84.785000 99.624868 0.000000 8.719985 -0.000115 
30 -56.517500 0.000000 167.670000 99.632969 0.000001 8.712974 -0.000264 
31 -12.511250 0.000000 -39.542500 99.528582 -0.000002 8.740332 0.001767 
32 -56.517500 0.000000 -39.542500 99.598771 0.000001 8.738942 0.000372 
33 -12.511250 0.000000 -80.985000 99.564709 0.000000 8.710621 0.001099 
34 -12.511250 0.000000 1.900000 99.626785 0.000003 8.831237 -0.000349 
35 75.501250 0.000000 43.342500 99.748932 0.000105 8.080291 -0.001514 
36 31.495000 0.000000 43.342500 99.924928 0.000053 8.421045 -0.005591 
37 119.507500 0.000000 43.342500 99.705143 0.000144 7.944848 -0.000424 
38 75.501250 0.000000 84.785000 99.687481 0.000014 8.564814 -0.001095 
39 53.498125 0.000000 -18.821250 99.407859 -0.000288 7.089085 0.006782 
40 31.495000 0.000000 -18.821250 98.776307 -0.000089 7.761553 0.018300 
41 53.498125 0.000000 -39.542500 99.456687 0.001780 8.262410 0.004010 
42 75.501250 0.000000 -18.821250 99.646361 -0.000091 7.258675 0.001791 
43 53.498125 0.000000 1.900000 100.032789 -0.003193 2.331516 -0.001199 
44 -12.511250 0.000000 43.342500 99.720517 0.000004 8.737054 -0.002052 
45 -56.517500 0.000000 43.342500 99.643851 0.000001 8.738264 -0.000525 
46 -12.511250 0.000000 84.785000 99.679804 0.000003 8.707808 -0.001189 
47 9.491875 0.000000 -18.821250 99.251210 0.000495 8.777623 0.007215 
48 -12.511250 0.000000 -18.821250 99.536529 -0.000002 8.793715 0.001515 
49 9.491875 0.000000 -39.542500 99.418406 -0.000009 8.675617 0.004071 
50 9.491875 0.000000 1.900000 99.638557 -0.000118 9.266246 -0.001371 
51 53.498125 0.000000 22.621250 100.066671 0.000349 6.764706 -0.005910 
52 31.495000 0.000000 22.621250 100.560964 0.000096 7.703535 -0.017185 
53 75.501250 0.000000 22.621250 99.887993 0.000610 6.474809 -0.001953 
54 53.498125 0.000000 43.342500 99.843978 -0.001420 8.180258 -0.003574 
55 42.496562 0.000000 -8.460625 98.721611 -0.000834 4.863038 0.023039 
56 31.495000 0.000000 -8.460625 97.472798 -0.000299 6.151241 0.046122 
57 42.496562 0.000000 -18.821250 99.097281 -0.000191 7.212620 0.012771 
58 53.498125 0.000000 -8.460625 99.591293 -0.001180 5.086542 0.005570 
59 42.496562 0.000000 1.900000 101.362874 0.000673 1.596626 -0.027698 
60 9.491875 0.000000 22.621250 100.021051 -0.000763 8.767559 -0.008108 
61 -12.511250 0.000000 22.621250 99.715547 0.000005 8.791378 -0.002048 
62 9.491875 0.000000 43.342500 99.840260 0.000015 8.666085 -0.004318 
1 7 12 10 11 
2 12 2 13 10 
3 10 13 8 14 
4 1 17 15 16 
5 17 7 11 15 
6 16 15 18 6 
7 14 8 21 19 
8 19 21 3 22 
9 20 19 22 9 
10 11 25 23 24 
11 25 10 26 23 
12 23 26 14 27 
13 6 18 28 29 
14 28 20 9 30 
15 29 28 30 4 
16 15 33 31 32 
17 33 11 24 31 
18 32 31 34 18 
19 27 14 37 35 
20 35 37 19 38 
21 36 35 38 20 
22 24 41 39 40 
23 41 23 42 39 
24 39 42 27 43 
25 18 34 44 45 
26 44 36 20 46 
27 45 44 46 28 
28 31 49 47 48 
29 49 24 40 47 
30 47 40 5 50 
31 48 47 50 34 
32 5 43 51 52 
33 43 27 53 51 
34 51 53 35 54 
35 52 51 54 36 
36 40 57 55 56 
37 57 39 58 55 
38 55 58 43 59 
39 56 55 59 5 
40 34 50 60 61 
41 50 5 52 60 
42 60 52 36 62 
43 61 60 62 44 
