2 0.000000 100.000000 178.105148
25 16 
1 -213.943881 0.000000 -224.819368 99.984770 0.000000 1.745241 0.000609 
2 279.589215 0.000000 -224.819368 99.987167 0.002201 1.743413 0.000561 
3 279.589215 0.000000 233.731852 99.982264 -0.002331 1.743625 0.000659 
4 -213.943881 0.000000 233.731852 99.984770 0.000000 1.745241 0.000609 
5 32.822667 0.000000 4.456242 100.401900 -0.000000 1.543842 -0.007794 
6 -213.943881 0.000000 4.456242 99.984770 0.000000 1.745241 0.000609 
7 32.822667 0.000000 -224.819368 99.984770 0.000000 1.745241 0.000609 
8 279.589215 0.000000 4.456242 99.888093 0.016345 7.284045 0.007563 
9 32.822667 0.000000 233.731852 99.984770 0.000000 1.745241 0.000609 
10 -90.560607 0.000000 -110.181563 99.984770 0.000000 1.745241 0.000609 
11 -213.943881 0.000000 -110.181563 99.984770 0.000000 1.745241 0.000609 
12 -90.560607 0.000000 -224.819368 99.984770 0.000000 1.745241 0.000609 
13 32.822667 0.000000 -110.181563 99.984770 0.000000 1.745241 0.000609 
14 -90.560607 0.000000 4.456242 99.984770 0.000000 1.745241 0.000609 
15 156.205941 0.000000 -110.181563 99.994762 0.005502 1.738206 0.000407 
16 156.205941 0.000000 -224.819368 99.984770 0.000000 1.745241 0.000609 
17 279.589215 0.000000 -110.181563 99.985671 0.003248 1.732472 0.000587 
18 156.205941 0.000000 4.456242 99.958922 0.010426 3.221659 0.001861 
19 156.205941 0.000000 119.094047 99.973177 -0.000208 1.739191 0.000839 
20 32.822667 0.000000 119.094047 99.984770 0.000000 1.745241 0.000609 
21 279.589215 0.000000 119.094047 99.984296 -0.003536 1.733016 0.000615 
22 156.205941 0.000000 233.731852 99.984770 0.000000 1.745241 0.000609 
23 -90.560607 0.000000 119.094047 99.984770 0.000000 1.745241 0.000609 
24 -213.943881 0.000000 119.094047 99.984770 0.000000 1.745241 0.000609 
25 -90.560607 0.000000 233.731852 99.984770 0.000000 1.745241 0.000609 
1 1 12 10 11 
2 12 7 13 10 
3 10 13 5 14 
4 11 10 14 6 
5 7 16 15 13 
6 16 2 17 15 
7 15 17 8 18 
8 13 15 18 5 
9 5 18 19 20 
10 18 8 21 19 
11 19 21 3 22 
12 20 19 22 9 
13 6 14 23 24 
14 14 5 20 23 
15 23 20 9 25 
16 24 23 25 4 
