2 0.000000 100.000000 178.105148
25 16 
1 -180.237465 0.000000 -220.469468 99.984770 0.000000 1.745241 0.000609 
2 287.513550 0.000000 -220.469468 99.987679 -0.000000 1.743469 0.000550 
3 287.513550 0.000000 227.666535 99.981830 -0.000000 1.743635 0.000668 
4 -180.237465 0.000000 227.666535 99.984770 0.000000 1.745241 0.000609 
5 53.638043 0.000000 3.598533 99.812304 -0.000000 2.579858 0.004423 
6 -180.237465 0.000000 3.598533 99.984770 0.000000 1.745241 0.000609 
7 53.638043 0.000000 -220.469468 99.984770 0.000000 1.745241 0.000609 
8 287.513550 0.000000 3.598533 99.963985 0.000000 2.937018 0.001584 
9 53.638043 0.000000 227.666535 99.984770 0.000000 1.745241 0.000609 
10 -63.299711 0.000000 -108.435467 99.984770 0.000000 1.745241 0.000609 
11 -180.237465 0.000000 -108.435467 99.984770 0.000000 1.745241 0.000609 
12 -63.299711 0.000000 -220.469468 99.984770 0.000000 1.745241 0.000609 
13 53.638043 0.000000 -108.435467 99.984770 0.000000 1.745241 0.000609 
14 -63.299711 0.000000 3.598533 99.984770 0.000000 1.745241 0.000609 
15 170.575796 0.000000 -108.435467 99.994446 -0.000000 1.735790 0.000412 
16 170.575796 0.000000 -220.469468 99.984770 0.000000 1.745241 0.000609 
17 287.513550 0.000000 -108.435467 99.985831 -0.000000 1.731553 0.000583 
18 170.575796 0.000000 3.598533 99.963639 0.000000 2.958120 0.001603 
19 170.575796 0.000000 115.632534 99.971043 -0.000000 1.744070 0.000884 
20 53.638043 0.000000 115.632534 99.984770 0.000000 1.745241 0.000609 
21 287.513550 0.000000 115.632534 99.984205 -0.000000 1.731961 0.000616 
22 170.575796 0.000000 227.666535 99.984770 0.000000 1.745241 0.000609 
23 -63.299711 0.000000 115.632534 99.984770 0.000000 1.745241 0.000609 
24 -180.237465 0.000000 115.632534 99.984770 0.000000 1.745241 0.000609 
25 -63.299711 0.000000 227.666535 99.984770 0.000000 1.745241 0.000609 
1 1 12 10 11 
2 12 7 13 10 
3 10 13 5 14 
4 11 10 14 6 
5 7 16 15 13 
6 16 2 17 15 
7 15 17 8 18 
8 13 15 18 5 
9 5 18 19 20 
10 18 8 21 19 
11 19 21 3 22 
12 20 19 22 9 
13 6 14 23 24 
14 14 5 20 23 
15 23 20 9 25 
16 24 23 25 4 
