2 0.000000 100.000000 291.862339
25 16 
1 -213.943881 0.000000 -224.819368 99.617627 -0.000068 8.716147 0.000036 
2 279.589215 0.000000 -224.819368 99.618356 -0.000614 8.703158 0.000044 
3 279.589215 0.000000 233.731852 99.622660 0.000781 8.699439 -0.000035 
4 -213.943881 0.000000 233.731852 99.621549 0.000093 8.716002 -0.000042 
5 32.822667 0.000000 4.456242 101.035330 0.002556 8.639029 -0.028277 
6 -213.943881 0.000000 4.456242 99.619742 0.000015 8.717910 -0.000009 
7 32.822667 0.000000 -224.819368 99.612508 -0.000308 8.709059 0.000150 
8 279.589215 0.000000 4.456242 99.730142 -0.006536 7.446805 -0.000156 
9 32.822667 0.000000 233.731852 99.626943 0.000371 8.708679 -0.000137 
10 -90.560607 0.000000 -110.181563 99.612044 -0.000109 8.717980 0.000144 
11 -213.943881 0.000000 -110.181563 99.617944 -0.000037 8.717219 0.000028 
12 -90.560607 0.000000 -224.819368 99.615009 -0.000143 8.714892 0.000090 
13 32.822667 0.000000 -110.181563 99.593379 -0.000490 8.689329 0.000565 
14 -90.560607 0.000000 4.456242 99.620819 0.000033 8.725841 -0.000045 
15 156.205941 0.000000 -110.181563 99.614961 -0.001177 8.664235 0.000179 
16 156.205941 0.000000 -224.819368 99.615487 -0.000511 8.703579 0.000100 
17 279.589215 0.000000 -110.181563 99.621177 -0.001270 8.672238 0.000041 
18 156.205941 0.000000 4.456242 99.685217 -0.004479 7.951754 -0.000037 
19 156.205941 0.000000 119.094047 99.631790 0.001489 8.655808 -0.000142 
20 32.822667 0.000000 119.094047 99.645386 0.000621 8.690325 -0.000472 
21 279.589215 0.000000 119.094047 99.627248 0.001874 8.643245 -0.000029 
22 156.205941 0.000000 233.731852 99.624944 0.000616 8.702168 -0.000086 
23 -90.560607 0.000000 119.094047 99.627653 0.000163 8.717203 -0.000166 
24 -213.943881 0.000000 119.094047 99.621401 0.000066 8.717065 -0.000041 
25 -90.560607 0.000000 233.731852 99.624229 0.000181 8.714582 -0.000093 
1 1 12 10 11 
2 12 7 13 10 
3 10 13 5 14 
4 11 10 14 6 
5 7 16 15 13 
6 16 2 17 15 
7 15 17 8 18 
8 13 15 18 5 
9 5 18 19 20 
10 18 8 21 19 
11 19 21 3 22 
12 20 19 22 9 
13 6 14 23 24 
14 14 5 20 23 
15 23 20 9 25 
16 24 23 25 4 
