2 0.000000 100.000000 291.862339
62 43 
1 -144.530000 0.000000 -163.870000 99.615146 0.000002 8.716882 0.000084 
2 207.520000 0.000000 -163.870000 99.616760 0.000016 8.689001 0.000100 
3 207.520000 0.000000 167.670000 99.626887 0.000020 8.678094 -0.000083 
4 -144.530000 0.000000 167.670000 99.624397 0.000002 8.716677 -0.000100 
5 31.495000 0.000000 1.900000 99.725169 0.000382 0.000000 0.005489 
6 -144.530000 0.000000 1.900000 99.619928 0.000004 8.721246 -0.000019 
7 31.495000 0.000000 -163.870000 99.604212 0.000009 8.701516 0.000328 
8 207.520000 0.000000 1.900000 99.821240 0.001231 6.398083 -0.000522 
9 31.495000 0.000000 167.670000 99.637167 0.000010 8.699391 -0.000324 
10 119.507500 0.000000 -80.985000 99.608493 0.000063 8.610013 0.000402 
11 31.495000 0.000000 -80.985000 99.559161 0.000027 8.659605 0.001298 
12 119.507500 0.000000 -163.870000 99.610522 0.000014 8.690027 0.000223 
13 207.520000 0.000000 -80.985000 99.622441 0.000063 8.625738 0.000097 
14 119.507500 0.000000 1.900000 100.021599 0.001552 4.071958 -0.002090 
15 -56.517500 0.000000 -80.985000 99.601996 0.000008 8.720708 0.000339 
16 -144.530000 0.000000 -80.985000 99.615731 0.000003 8.719430 0.000068 
17 -56.517500 0.000000 -163.870000 99.609358 0.000004 8.713980 0.000204 
18 -56.517500 0.000000 1.900000 99.621167 0.000014 8.738557 -0.000074 
19 119.507500 0.000000 84.785000 99.648609 0.000064 8.570413 -0.000330 
20 31.495000 0.000000 84.785000 99.688639 0.000042 8.652213 -0.001269 
21 207.520000 0.000000 84.785000 99.638157 0.000083 8.539754 -0.000069 
22 119.507500 0.000000 167.670000 99.632278 0.000016 8.684284 -0.000201 
23 75.501250 0.000000 -39.542500 99.566670 -0.005826 8.301255 0.001757 
24 31.495000 0.000000 -39.542500 99.372361 -0.014806 8.490937 0.005304 
25 75.501250 0.000000 -80.985000 99.583713 0.000048 8.614463 0.000888 
26 119.507500 0.000000 -39.542500 99.630094 0.000243 8.367763 0.000382 
27 75.501250 0.000000 1.900000 100.179681 -0.002804 2.105710 -0.004040 
28 -56.517500 0.000000 84.785000 99.639214 0.000010 8.719939 -0.000401 
29 -144.530000 0.000000 84.785000 99.624016 0.000003 8.719276 -0.000097 
30 -56.517500 0.000000 167.670000 99.630792 0.000005 8.713352 -0.000222 
31 -12.511250 0.000000 -39.542500 99.541455 0.000035 8.740330 0.001511 
32 -56.517500 0.000000 -39.542500 99.604138 0.000011 8.731023 0.000278 
33 -12.511250 0.000000 -80.985000 99.578936 0.000015 8.708773 0.000819 
34 -12.511250 0.000000 1.900000 99.625154 0.000087 8.823236 -0.000302 
35 75.501250 0.000000 43.342500 99.737366 0.001228 8.180110 -0.001446 
36 31.495000 0.000000 43.342500 99.895360 0.014479 8.470086 -0.005083 
37 119.507500 0.000000 43.342500 99.687156 0.000132 8.092486 -0.000302 
38 75.501250 0.000000 84.785000 99.669737 0.000054 8.594247 -0.000792 
39 53.498125 0.000000 -18.821250 99.384099 -0.008672 7.294634 0.006959 
40 31.495000 0.000000 -18.821250 98.826755 -0.008680 7.929394 0.017040 
41 53.498125 0.000000 -39.542500 99.461528 -0.017134 8.317313 0.003823 
42 75.501250 0.000000 -18.821250 99.637061 -0.010800 7.480981 0.001649 
43 53.498125 0.000000 1.900000 100.167411 0.006127 1.406641 -0.003549 
44 -12.511250 0.000000 43.342500 99.705500 0.000039 8.737678 -0.001753 
45 -56.517500 0.000000 43.342500 99.637806 0.000013 8.730453 -0.000391 
46 -12.511250 0.000000 84.785000 99.664453 0.000021 8.706503 -0.000881 
47 9.491875 0.000000 -18.821250 99.293950 -0.007000 8.772246 0.006376 
48 -12.511250 0.000000 -18.821250 99.548600 0.000023 8.785837 0.001289 
49 9.491875 0.000000 -39.542500 99.444566 -0.002997 8.685334 0.003534 
50 9.491875 0.000000 1.900000 99.635322 -0.000462 9.231375 -0.001242 
51 53.498125 0.000000 22.621250 100.026129 0.012441 7.093779 -0.005555 
52 31.495000 0.000000 22.621250 100.476580 0.001569 7.882912 -0.015768 
53 75.501250 0.000000 22.621250 99.835968 0.010023 6.911186 -0.001499 
54 53.498125 0.000000 43.342500 99.826487 0.016519 8.260448 -0.003356 
55 42.496562 0.000000 -8.460625 98.690892 0.002107 5.365422 0.023132 
56 31.495000 0.000000 -8.460625 97.777103 -0.022350 6.460851 0.039789 
57 42.496562 0.000000 -18.821250 99.055407 -0.029784 7.429423 0.013283 
58 53.498125 0.000000 -8.460625 99.531641 -0.018536 5.396228 0.006433 
59 42.496562 0.000000 1.900000 101.398946 0.000993 0.786951 -0.028237 
60 9.491875 0.000000 22.621250 99.969644 0.008233 8.765044 -0.007076 
61 -12.511250 0.000000 22.621250 99.700683 0.000072 8.783935 -0.001738 
62 9.491875 0.000000 43.342500 99.809107 0.003524 8.678189 -0.003717 
1 7 12 10 11 
2 12 2 13 10 
3 10 13 8 14 
4 1 17 15 16 
5 17 7 11 15 
6 16 15 18 6 
7 14 8 21 19 
8 19 21 3 22 
9 20 19 22 9 
10 11 25 23 24 
11 25 10 26 23 
12 23 26 14 27 
13 6 18 28 29 
14 28 20 9 30 
15 29 28 30 4 
16 15 33 31 32 
17 33 11 24 31 
18 32 31 34 18 
19 27 14 37 35 
20 35 37 19 38 
21 36 35 38 20 
22 24 41 39 40 
23 41 23 42 39 
24 39 42 27 43 
25 18 34 44 45 
26 44 36 20 46 
27 45 44 46 28 
28 31 49 47 48 
29 49 24 40 47 
30 47 40 5 50 
31 48 47 50 34 
32 5 43 51 52 
33 43 27 53 51 
34 51 53 35 54 
35 52 51 54 36 
36 40 57 55 56 
37 57 39 58 55 
38 55 58 43 59 
39 56 55 59 5 
40 34 50 60 61 
41 50 5 52 60 
42 60 52 36 62 
43 61 60 62 44 
