2 0.000000 100.000000 211.018442
25 16 
1 -180.237465 0.000000 -220.469468 99.617905 -0.000000 8.716227 0.000030 
2 287.513550 0.000000 -220.469468 99.619029 -0.000001 8.701785 0.000033 
3 287.513550 0.000000 227.666535 99.622372 0.000000 8.697751 -0.000027 
4 -180.237465 0.000000 227.666535 99.621189 -0.000000 8.716183 -0.000035 
5 53.638043 0.000000 3.598533 98.872411 0.000011 12.622083 0.006493 
6 -180.237465 0.000000 3.598533 99.619589 -0.000000 8.716882 -0.000005 
7 53.638043 0.000000 -220.469468 99.607184 -0.000000 8.707556 0.000259 
8 287.513550 0.000000 3.598533 99.696530 -0.000568 7.832978 -0.000075 
9 53.638043 0.000000 227.666535 99.632136 0.000000 8.707512 -0.000238 
10 -63.299711 0.000000 -108.435467 99.612803 -0.000000 8.718246 0.000128 
11 -180.237465 0.000000 -108.435467 99.618441 -0.000000 8.716672 0.000019 
12 -63.299711 0.000000 -220.469468 99.613860 -0.000000 8.715771 0.000111 
13 53.638043 0.000000 -108.435467 99.569555 -0.000001 8.680906 0.001055 
14 -63.299711 0.000000 3.598533 99.620003 -0.000000 8.721325 -0.000021 
15 170.575796 0.000000 -108.435467 99.617964 -0.000004 8.659577 0.000127 
16 170.575796 0.000000 -220.469468 99.615251 -0.000001 8.700960 0.000110 
17 287.513550 0.000000 -108.435467 99.622344 -0.000003 8.668992 0.000024 
18 170.575796 0.000000 3.598533 99.563845 -0.001845 9.343568 -0.000026 
19 170.575796 0.000000 115.632534 99.630290 0.000002 8.650173 -0.000102 
20 53.638043 0.000000 115.632534 99.666662 0.000001 8.683706 -0.000885 
21 287.513550 0.000000 115.632534 99.627038 0.000003 8.638455 -0.000017 
22 170.575796 0.000000 227.666535 99.625652 0.000000 8.699573 -0.000095 
23 -63.299711 0.000000 115.632534 99.626659 -0.000000 8.717999 -0.000147 
24 -180.237465 0.000000 115.632534 99.620707 -0.000000 8.716638 -0.000027 
25 -63.299711 0.000000 227.666535 99.625307 -0.000000 8.715629 -0.000116 
1 1 12 10 11 
2 12 7 13 10 
3 10 13 5 14 
4 11 10 14 6 
5 7 16 15 13 
6 16 2 17 15 
7 15 17 8 18 
8 13 15 18 5 
9 5 18 19 20 
10 18 8 21 19 
11 19 21 3 22 
12 20 19 22 9 
13 6 14 23 24 
14 14 5 20 23 
15 23 20 9 25 
16 24 23 25 4 
