2 0.000000 100.000000 178.105148
62 43 
1 -144.530000 0.000000 -163.870000 99.619470 0.000000 8.715574 0.015276 
2 207.520000 0.000000 -163.870000 99.656188 -0.000005 8.705268 0.014518 
3 207.520000 0.000000 167.670000 99.591694 0.000004 8.691183 0.015792 
4 -144.530000 0.000000 167.670000 99.619470 0.000000 8.715574 0.015276 
5 31.495000 0.000000 1.900000 99.619470 0.000000 0.000000 0.007617 
6 -144.530000 0.000000 1.900000 99.619470 0.000000 8.715574 0.015276 
7 31.495000 0.000000 -163.870000 99.619470 0.000000 8.715574 0.015276 
8 207.520000 0.000000 1.900000 99.884373 -0.000000 5.705283 0.005577 
9 31.495000 0.000000 167.670000 99.619470 0.000000 8.715574 0.015276 
10 119.507500 0.000000 -80.985000 99.794911 -0.101352 8.686434 0.011693 
11 31.495000 0.000000 -80.985000 99.619470 0.000000 8.715574 0.015276 
12 119.507500 0.000000 -163.870000 99.619470 0.000000 8.715574 0.015276 
13 207.520000 0.000000 -80.985000 99.638955 -0.000001 8.613079 0.014704 
14 119.507500 0.000000 1.900000 100.163389 0.000401 2.569481 -0.002608 
15 -56.517500 0.000000 -80.985000 99.619470 0.000000 8.715574 0.015276 
16 -144.530000 0.000000 -80.985000 99.619470 0.000000 8.715574 0.015276 
17 -56.517500 0.000000 -163.870000 99.619470 0.000000 8.715574 0.015276 
18 -56.517500 0.000000 1.900000 99.619470 0.000000 8.715574 0.015276 
19 119.507500 0.000000 84.785000 99.480374 0.118318 8.634241 0.017937 
20 31.495000 0.000000 84.785000 99.619470 0.000000 8.715574 0.015276 
21 207.520000 0.000000 84.785000 99.630880 0.000001 8.502858 0.014676 
22 119.507500 0.000000 167.670000 99.619470 0.000000 8.715574 0.015276 
23 75.501250 0.000000 -39.542500 100.473486 -0.106518 8.699281 -0.001922 
24 31.495000 0.000000 -39.542500 99.619470 0.000000 8.715574 0.015276 
25 75.501250 0.000000 -80.985000 99.619470 0.000000 8.715574 0.015276 
26 119.507500 0.000000 -39.542500 99.700917 0.007671 8.327874 0.012968 
27 75.501250 0.000000 1.900000 100.463574 0.000001 -0.603569 -0.009226 
28 -56.517500 0.000000 84.785000 99.619470 0.000000 8.715574 0.015276 
29 -144.530000 0.000000 84.785000 99.619470 0.000000 8.715574 0.015276 
30 -56.517500 0.000000 167.670000 99.619470 0.000000 8.715574 0.015276 
31 -12.511250 0.000000 -39.542500 99.619470 0.000000 8.715574 0.015276 
32 -56.517500 0.000000 -39.542500 99.619470 0.000000 8.715574 0.015276 
33 -12.511250 0.000000 -80.985000 99.619470 0.000000 8.715574 0.015276 
34 -12.511250 0.000000 1.900000 99.619470 0.000000 8.715574 0.015276 
35 75.501250 0.000000 43.342500 99.174016 0.106629 8.440884 0.023778 
36 31.495000 0.000000 43.342500 99.619470 0.000000 8.715574 0.015276 
37 119.507500 0.000000 43.342500 99.650976 -0.005454 7.982026 0.013404 
38 75.501250 0.000000 84.785000 99.619470 0.000000 8.715574 0.015276 
39 53.498125 0.000000 -18.821250 98.448305 0.000000 6.886841 0.035993 
40 31.495000 0.000000 -18.821250 99.619470 0.000000 8.715574 0.015276 
41 53.498125 0.000000 -39.542500 99.165452 0.000000 8.335757 0.023770 
42 75.501250 0.000000 -18.821250 99.947308 0.000000 7.453231 0.006624 
43 53.498125 0.000000 1.900000 100.574910 -0.000001 0.032345 -0.011483 
44 -12.511250 0.000000 43.342500 99.619470 0.000000 8.715574 0.015276 
45 -56.517500 0.000000 43.342500 99.619470 0.000000 8.715574 0.015276 
46 -12.511250 0.000000 84.785000 99.619470 0.000000 8.715574 0.015276 
47 9.491875 0.000000 -18.821250 99.619470 0.000000 8.715574 0.015276 
48 -12.511250 0.000000 -18.821250 99.619470 0.000000 8.715574 0.015276 
49 9.491875 0.000000 -39.542500 99.619470 0.000000 8.715574 0.015276 
50 9.491875 0.000000 1.900000 99.619470 0.000000 8.715574 0.015276 
51 53.498125 0.000000 22.621250 100.790635 -0.000000 6.886841 -0.011088 
52 31.495000 0.000000 22.621250 99.619470 0.000000 8.715574 0.015276 
53 75.501250 0.000000 22.621250 99.624796 0.000000 6.785332 0.012147 
54 53.498125 0.000000 43.342500 100.073487 -0.000000 8.335757 0.005489 
55 42.496562 0.000000 -8.460625 97.831132 -0.000000 5.743018 0.046979 
56 31.495000 0.000000 -8.460625 97.551950 -0.000000 6.574274 0.053691 
57 42.496562 0.000000 -18.821250 97.963013 -0.000000 7.089487 0.046096 
58 53.498125 0.000000 -8.460625 101.718914 0.000000 6.704337 -0.029852 
59 42.496562 0.000000 1.900000 99.694572 -0.000000 4.381932 0.008043 
60 9.491875 0.000000 22.621250 99.619470 0.000000 8.715574 0.015276 
61 -12.511250 0.000000 22.621250 99.619470 0.000000 8.715574 0.015276 
62 9.491875 0.000000 43.342500 99.619470 0.000000 8.715574 0.015276 
1 7 12 10 11 
2 12 2 13 10 
3 10 13 8 14 
4 1 17 15 16 
5 17 7 11 15 
6 16 15 18 6 
7 14 8 21 19 
8 19 21 3 22 
9 20 19 22 9 
10 11 25 23 24 
11 25 10 26 23 
12 23 26 14 27 
13 6 18 28 29 
14 28 20 9 30 
15 29 28 30 4 
16 15 33 31 32 
17 33 11 24 31 
18 32 31 34 18 
19 27 14 37 35 
20 35 37 19 38 
21 36 35 38 20 
22 24 41 39 40 
23 41 23 42 39 
24 39 42 27 43 
25 18 34 44 45 
26 44 36 20 46 
27 45 44 46 28 
28 31 49 47 48 
29 49 24 40 47 
30 47 40 5 50 
31 48 47 50 34 
32 5 43 51 52 
33 43 27 53 51 
34 51 53 35 54 
35 52 51 54 36 
36 40 57 55 56 
37 57 39 58 55 
38 55 58 43 59 
39 56 55 59 5 
40 34 50 60 61 
41 50 5 52 60 
42 60 52 36 62 
43 61 60 62 44 
