2 0.000000 100.000000 211.018442
62 43 
1 -144.530000 0.000000 -163.870000 99.984063 -0.000000 1.745534 0.000014 
2 207.520000 0.000000 -163.870000 99.984164 0.000000 1.738037 0.000015 
3 207.520000 0.000000 167.670000 99.985608 -0.000000 1.737549 -0.000014 
4 -144.530000 0.000000 167.670000 99.985492 0.000000 1.745531 -0.000015 
5 31.495000 0.000000 1.900000 99.990357 0.000010 0.000000 0.000193 
6 -144.530000 0.000000 1.900000 99.984780 -0.000000 1.745816 -0.000000 
7 31.495000 0.000000 -163.870000 99.978876 -0.000001 1.741708 0.000119 
8 207.520000 0.000000 1.900000 100.009223 0.000297 0.343680 -0.000196 
9 31.495000 0.000000 167.670000 99.990763 0.000001 1.741648 -0.000119 
10 119.507500 0.000000 -80.985000 99.982305 0.000002 1.716859 0.000059 
11 31.495000 0.000000 -80.985000 99.958885 -0.000011 1.730971 0.000523 
12 119.507500 0.000000 -163.870000 99.982338 0.000000 1.738092 0.000051 
13 207.520000 0.000000 -80.985000 99.984733 0.000003 1.718484 0.000010 
14 119.507500 0.000000 1.900000 100.010503 0.000168 0.266359 -0.000217 
15 -56.517500 0.000000 -80.985000 99.981920 -0.000000 1.746411 0.000057 
16 -144.530000 0.000000 -80.985000 99.984296 -0.000000 1.745723 0.000009 
17 -56.517500 0.000000 -163.870000 99.982271 -0.000000 1.745365 0.000050 
18 -56.517500 0.000000 1.900000 99.984809 -0.000000 1.748069 -0.000002 
19 119.507500 0.000000 84.785000 99.988139 -0.000001 1.715146 -0.000057 
20 31.495000 0.000000 84.785000 100.010972 0.000009 1.730767 -0.000519 
21 207.520000 0.000000 84.785000 99.985770 -0.000001 1.714743 -0.000009 
22 119.507500 0.000000 167.670000 99.987401 0.000000 1.737858 -0.000050 
23 75.501250 0.000000 -39.542500 99.973312 -0.003138 1.636811 0.000266 
24 31.495000 0.000000 -39.542500 99.893274 -0.005843 1.690512 0.001848 
25 75.501250 0.000000 -80.985000 99.974023 -0.000004 1.716575 0.000225 
26 119.507500 0.000000 -39.542500 99.984301 0.000014 1.644089 0.000044 
27 75.501250 0.000000 1.900000 100.010508 0.000147 0.259284 -0.000217 
28 -56.517500 0.000000 84.785000 99.987680 0.000000 1.746399 -0.000059 
29 -144.530000 0.000000 84.785000 99.985262 0.000000 1.745721 -0.000010 
30 -56.517500 0.000000 167.670000 99.987306 0.000000 1.745353 -0.000051 
31 -12.511250 0.000000 -39.542500 99.971961 0.000019 1.750642 0.000254 
32 -56.517500 0.000000 -39.542500 99.982846 -0.000000 1.747179 0.000038 
33 -12.511250 0.000000 -80.985000 99.973455 -0.000002 1.746149 0.000226 
34 -12.511250 0.000000 1.900000 99.984909 0.000019 1.755724 -0.000006 
35 75.501250 0.000000 43.342500 99.999467 0.003047 1.632248 -0.000256 
36 31.495000 0.000000 43.342500 100.077121 0.005926 1.689935 -0.001829 
37 119.507500 0.000000 43.342500 99.988810 -0.000011 1.632446 -0.000043 
38 75.501250 0.000000 84.785000 99.996239 0.000004 1.715826 -0.000219 
39 53.498125 0.000000 -18.821250 99.931806 -0.006490 1.391466 0.001170 
40 31.495000 0.000000 -18.821250 99.715918 -0.004275 1.553102 0.005432 
41 53.498125 0.000000 -39.542500 99.942283 -0.009307 1.638449 0.000886 
42 75.501250 0.000000 -18.821250 99.981749 0.000070 1.417408 0.000164 
43 53.498125 0.000000 1.900000 100.010807 -0.000022 0.232688 -0.000222 
44 -12.511250 0.000000 43.342500 99.997799 0.000000 1.750595 -0.000262 
45 -56.517500 0.000000 43.342500 99.986766 0.000000 1.747172 -0.000041 
46 -12.511250 0.000000 84.785000 99.996223 0.000001 1.746101 -0.000229 
47 9.491875 0.000000 -18.821250 99.924261 -0.000813 1.764427 0.001203 
48 -12.511250 0.000000 -18.821250 99.976236 -0.000098 1.753509 0.000168 
49 9.491875 0.000000 -39.542500 99.942382 -0.001245 1.745574 0.000847 
50 9.491875 0.000000 1.900000 99.985224 0.000027 1.796717 -0.000027 
51 53.498125 0.000000 22.621250 100.045851 0.005477 1.389580 -0.001110 
52 31.495000 0.000000 22.621250 100.255165 0.004287 1.551455 -0.005351 
53 75.501250 0.000000 22.621250 99.998884 -0.000068 1.397031 -0.000173 
54 53.498125 0.000000 43.342500 100.029451 0.008904 1.636963 -0.000857 
55 42.496562 0.000000 -8.460625 99.729092 0.000217 0.953042 0.005320 
56 31.495000 0.000000 -8.460625 99.437360 0.000018 1.234789 0.011069 
57 42.496562 0.000000 -18.821250 99.823904 -0.010076 1.414024 0.003319 
58 53.498125 0.000000 -8.460625 99.956611 -0.000730 0.947510 0.000778 
59 42.496562 0.000000 1.900000 100.415693 -0.000010 0.132792 -0.008333 
60 9.491875 0.000000 22.621250 100.046012 0.000845 1.764277 -0.001232 
61 -12.511250 0.000000 22.621250 99.993564 0.000125 1.753480 -0.000179 
62 9.491875 0.000000 43.342500 100.027637 0.001296 1.745414 -0.000857 
1 7 12 10 11 
2 12 2 13 10 
3 10 13 8 14 
4 1 17 15 16 
5 17 7 11 15 
6 16 15 18 6 
7 14 8 21 19 
8 19 21 3 22 
9 20 19 22 9 
10 11 25 23 24 
11 25 10 26 23 
12 23 26 14 27 
13 6 18 28 29 
14 28 20 9 30 
15 29 28 30 4 
16 15 33 31 32 
17 33 11 24 31 
18 32 31 34 18 
19 27 14 37 35 
20 35 37 19 38 
21 36 35 38 20 
22 24 41 39 40 
23 41 23 42 39 
24 39 42 27 43 
25 18 34 44 45 
26 44 36 20 46 
27 45 44 46 28 
28 31 49 47 48 
29 49 24 40 47 
30 47 40 5 50 
31 48 47 50 34 
32 5 43 51 52 
33 43 27 53 51 
34 51 53 35 54 
35 52 51 54 36 
36 40 57 55 56 
37 57 39 58 55 
38 55 58 43 59 
39 56 55 59 5 
40 34 50 60 61 
41 50 5 52 60 
42 60 52 36 62 
43 61 60 62 44 
